 -20.000  -0.6472   0.23672   0.28084   0.0204   1.0000   0.0027   1.0000  84.9643
 -19.950  -0.6455   0.23602   0.27944   0.0200   1.0000   0.0027   1.0000  84.9653
 -19.900  -0.6437   0.23532   0.27805   0.0196   1.0000   0.0027   1.0000  84.9662
 -19.850  -0.6420   0.23462   0.27666   0.0192   1.0000   0.0028   1.0000  84.9670
 -19.800  -0.6402   0.23392   0.27528   0.0187   1.0000   0.0028   1.0000  84.9678
 -19.750  -0.6384   0.23322   0.27390   0.0183   1.0000   0.0028   1.0000  84.9685
 -19.700  -0.6367   0.23251   0.27252   0.0179   1.0000   0.0028   1.0000  84.9692
 -19.650  -0.6349   0.23180   0.27114   0.0175   1.0000   0.0028   1.0000  84.9698
 -19.600  -0.6332   0.23109   0.26977   0.0171   1.0000   0.0028   1.0000  84.9704
 -19.550  -0.6314   0.23038   0.26840   0.0166   1.0000   0.0028   1.0000  84.9710
 -19.500  -0.6297   0.22967   0.26703   0.0162   1.0000   0.0028   1.0000  84.9715
 -19.450  -0.6279   0.22896   0.26567   0.0158   1.0000   0.0028   1.0000  84.9720
 -19.400  -0.6262   0.22825   0.26431   0.0154   1.0000   0.0028   1.0000  84.9725
 -19.350  -0.6244   0.22754   0.26295   0.0150   1.0000   0.0028   1.0000  84.9729
 -19.300  -0.6227   0.22682   0.26160   0.0146   1.0000   0.0028   1.0000  84.9733
 -19.250  -0.6210   0.22611   0.26025   0.0141   1.0000   0.0028   1.0000  84.9737
 -19.200  -0.6193   0.22539   0.25890   0.0137   1.0000   0.0028   1.0000  84.9740
 -19.150  -0.6175   0.22467   0.25756   0.0133   1.0000   0.0028   1.0000  84.9743
 -19.100  -0.6158   0.22395   0.25621   0.0129   1.0000   0.0028   1.0000  84.9745
 -19.050  -0.6141   0.22324   0.25488   0.0125   1.0000   0.0028   1.0000  84.9747
 -19.000  -0.6124   0.22251   0.25354   0.0121   1.0000   0.0028   1.0000  84.9748
 -18.950  -0.6107   0.22177   0.25221   0.0117   1.0000   0.0028   1.0000  84.9748
 -18.900  -0.6090   0.22104   0.25088   0.0113   1.0000   0.0028   1.0000  84.9747
 -18.850  -0.6073   0.22032   0.24955   0.0109   1.0000   0.0028   1.0000  84.9745
 -18.800  -0.6056   0.21959   0.24822   0.0104   1.0000   0.0028   1.0000  84.9741
 -18.750  -0.6040   0.21885   0.24690   0.0100   1.0000   0.0028   1.0000  84.9735
 -18.700  -0.6023   0.21814   0.24558   0.0096   1.0000   0.0028   1.0000  84.9725
 -18.650  -0.6017   0.21730   0.24451   0.0092   1.0000   0.0026   1.0000  84.8648
 -18.600  -0.6000   0.21660   0.24333   0.0088   1.0000   0.0026   1.0000  84.8379
 -18.550  -0.5984   0.21590   0.24205   0.0084   1.0000   0.0026   1.0000  84.8263
 -18.500  -0.5967   0.21516   0.24072   0.0080   1.0000   0.0026   1.0000  84.8234
 -18.450  -0.5951   0.21441   0.23938   0.0076   1.0000   0.0026   1.0000  84.8217
 -18.400  -0.5935   0.21367   0.23808   0.0071   1.0000   0.0025   1.0000  84.8139
 -18.350  -0.5918   0.21292   0.23682   0.0067   1.0000   0.0025   1.0000  84.7961
 -18.300  -0.5902   0.21220   0.23558   0.0063   1.0000   0.0025   1.0000  84.7706
 -18.250  -0.5886   0.21147   0.23430   0.0059   1.0000   0.0025   1.0000  84.7455
 -18.200  -0.5870   0.21072   0.23301   0.0055   1.0000   0.0024   1.0000  84.7210
 -18.150  -0.5855   0.20996   0.23169   0.0051   1.0000   0.0024   1.0000  84.6973
 -18.100  -0.5839   0.20917   0.23035   0.0047   1.0000   0.0024   1.0000  84.6748
 -18.050  -0.5824   0.20837   0.22898   0.0043   1.0000   0.0023   1.0000  84.6543
 -18.000  -0.5809   0.20755   0.22760   0.0039   1.0000   0.0023   1.0000  84.6364
 -17.950  -0.5794   0.20672   0.22620   0.0035   1.0000   0.0023   1.0000  84.6222
 -17.900  -0.5780   0.20588   0.22479   0.0031   1.0000   0.0023   1.0000  84.6123
 -17.850  -0.5765   0.20503   0.22337   0.0027   1.0000   0.0023   1.0000  84.6078
 -17.800  -0.5751   0.20418   0.22194   0.0023   1.0000   0.0023   1.0000  84.6093
 -17.750  -0.5737   0.20331   0.22051   0.0019   1.0000   0.0023   1.0000  84.6180
 -17.700  -0.5724   0.20243   0.21905   0.0015   1.0000   0.0023   1.0000  84.6355
 -17.650  -0.5711   0.20152   0.21755   0.0010   1.0000   0.0024   1.0000  84.6661
 -17.600  -0.5700   0.20046   0.21582   0.0006   1.0000   0.0024   1.0000  84.7285
 -17.550  -0.5692   0.19917   0.21367   0.0002   1.0000   0.0026   1.0000  84.8462
 -17.500  -0.5677   0.19832   0.21223  -0.0002   1.0000   0.0026   1.0000  84.8908
 -17.450  -0.5661   0.19756   0.21096  -0.0006   1.0000   0.0027   1.0000  84.9173
 -17.400  -0.5644   0.19685   0.20977  -0.0010   1.0000   0.0027   1.0000  84.9367
 -17.350  -0.5646   0.19527   0.20726  -0.0016   1.0000   0.0029   1.0000  85.0723
 -17.300  -0.5631   0.19459   0.20619  -0.0019   1.0000   0.0029   1.0000  85.0868
 -17.250  -0.5614   0.19394   0.20517  -0.0023   1.0000   0.0029   1.0000  85.0986
 -17.200  -0.5597   0.19330   0.20416  -0.0027   1.0000   0.0030   1.0000  85.1094
 -17.150  -0.5580   0.19267   0.20316  -0.0031   1.0000   0.0030   1.0000  85.1196
 -17.100  -0.5563   0.19203   0.20217  -0.0034   1.0000   0.0030   1.0000  85.1297
 -17.050  -0.5546   0.19140   0.20117  -0.0038   1.0000   0.0030   1.0000  85.1396
 -17.000  -0.5529   0.19078   0.20019  -0.0042   1.0000   0.0030   1.0000  85.1495
 -16.950  -0.5511   0.19017   0.19925  -0.0045   1.0000   0.0030   1.0000  85.1583
 -16.900  -0.5494   0.18957   0.19832  -0.0049   1.0000   0.0031   1.0000  85.1669
 -16.850  -0.5476   0.18897   0.19738  -0.0052   1.0000   0.0031   1.0000  85.1759
 -16.800  -0.5459   0.18836   0.19644  -0.0056   1.0000   0.0031   1.0000  85.1850
 -16.750  -0.5441   0.18775   0.19550  -0.0059   1.0000   0.0031   1.0000  85.1944
 -16.700  -0.5424   0.18713   0.19455  -0.0063   1.0000   0.0031   1.0000  85.2041
 -16.650  -0.5407   0.18651   0.19359  -0.0066   1.0000   0.0031   1.0000  85.2139
 -16.600  -0.5390   0.18587   0.19262  -0.0070   1.0000   0.0031   1.0000  85.2240
 -16.550  -0.5373   0.18523   0.19165  -0.0073   1.0000   0.0032   1.0000  85.2342
 -16.500  -0.5356   0.18458   0.19066  -0.0077   1.0000   0.0032   1.0000  85.2443
 -16.450  -0.5340   0.18392   0.18967  -0.0081   1.0000   0.0032   1.0000  85.2544
 -16.400  -0.5324   0.18325   0.18866  -0.0084   1.0000   0.0032   1.0000  85.2642
 -16.350  -0.5308   0.18257   0.18763  -0.0088   1.0000   0.0032   1.0000  85.2736
 -16.300  -0.5293   0.18187   0.18659  -0.0091   1.0000   0.0032   1.0000  85.2823
 -16.250  -0.5278   0.18115   0.18553  -0.0095   1.0000   0.0032   1.0000  85.2902
 -16.200  -0.5263   0.18042   0.18445  -0.0098   1.0000   0.0033   1.0000  85.2968
 -16.150  -0.5249   0.17967   0.18335  -0.0102   1.0000   0.0033   1.0000  85.3021
 -16.100  -0.5235   0.17890   0.18223  -0.0106   1.0000   0.0033   1.0000  85.3058
 -16.050  -0.5222   0.17811   0.18108  -0.0109   1.0000   0.0033   1.0000  85.3075
 -16.000  -0.5209   0.17729   0.17990  -0.0113   1.0000   0.0033   1.0000  85.3073
 -15.950  -0.5197   0.17644   0.17868  -0.0117   1.0000   0.0033   1.0000  85.3047
 -15.900  -0.5187   0.17556   0.17742  -0.0121   1.0000   0.0033   1.0000  85.2998
 -15.850  -0.5177   0.17463   0.17610  -0.0125   1.0000   0.0032   1.0000  85.2923
 -15.800  -0.5169   0.17364   0.17470  -0.0129   1.0000   0.0032   1.0000  85.2822
 -15.750  -0.5163   0.17258   0.17320  -0.0133   1.0000   0.0032   1.0000  85.2697
 -15.700  -0.5159   0.17144   0.17161  -0.0137   1.0000   0.0032   1.0000  85.2564
 -15.650  -0.5155   0.17031   0.17002  -0.0142   1.0000   0.0032   1.0000  85.2458
 -15.600  -0.5150   0.16922   0.16850  -0.0146   1.0000   0.0032   1.0000  85.2392
 -15.550  -0.5144   0.16819   0.16707  -0.0150   1.0000   0.0032   1.0000  85.2363
 -15.500  -0.5135   0.16725   0.16579  -0.0154   1.0000   0.0032   1.0000  85.2362
 -15.450  -0.5127   0.16632   0.16453  -0.0158   1.0000   0.0032   1.0000  85.2376
 -15.400  -0.5118   0.16541   0.16329  -0.0162   1.0000   0.0032   1.0000  85.2404
 -15.350  -0.5109   0.16451   0.16208  -0.0166   1.0000   0.0032   1.0000  85.2445
 -15.300  -0.5100   0.16362   0.16089  -0.0170   1.0000   0.0032   1.0000  85.2498
 -15.250  -0.5090   0.16275   0.15971  -0.0174   1.0000   0.0032   1.0000  85.2562
 -15.200  -0.5080   0.16193   0.15863  -0.0177   1.0000   0.0032   1.0000  85.2652
 -15.150  -0.5068   0.16116   0.15762  -0.0181   1.0000   0.0032   1.0000  85.2763
 -15.100  -0.5055   0.16040   0.15663  -0.0184   1.0000   0.0032   1.0000  85.2886
 -15.050  -0.5043   0.15966   0.15566  -0.0188   1.0000   0.0033   1.0000  85.3013
 -15.000  -0.5030   0.15892   0.15471  -0.0191   1.0000   0.0033   1.0000  85.3138
 -14.950  -0.5018   0.15818   0.15375  -0.0195   1.0000   0.0033   1.0000  85.3270
 -14.900  -0.5006   0.15742   0.15278  -0.0198   1.0000   0.0033   1.0000  85.3409
 -14.850  -0.4995   0.15665   0.15179  -0.0202   1.0000   0.0033   1.0000  85.3555
 -14.800  -0.4985   0.15583   0.15075  -0.0205   1.0000   0.0034   1.0000  85.3706
 -14.750  -0.4978   0.15492   0.14958  -0.0209   1.0000   0.0034   1.0000  85.3860
 -14.700  -0.4972   0.15398   0.14839  -0.0213   1.0000   0.0034   1.0000  85.4036
 -14.650  -0.4966   0.15306   0.14722  -0.0217   1.0000   0.0035   1.0000  85.4244
 -14.600  -0.4960   0.15213   0.14605  -0.0221   1.0000   0.0035   1.0000  85.4487
 -14.550  -0.4954   0.15120   0.14488  -0.0224   1.0000   0.0035   1.0000  85.4774
 -14.500  -0.4949   0.15025   0.14369  -0.0228   1.0000   0.0036   1.0000  85.5117
 -14.450  -0.4945   0.14925   0.14244  -0.0232   1.0000   0.0037   1.0000  85.5534
 -14.400  -0.4943   0.14820   0.14112  -0.0237   1.0000   0.0037   1.0000  85.6057
 -14.350  -0.4944   0.14706   0.13969  -0.0241   1.0000   0.0039   1.0000  85.6679
 -14.300  -0.4946   0.14587   0.13820  -0.0246   1.0000   0.0040   1.0000  85.7297
 -14.250  -0.4947   0.14476   0.13680  -0.0250   1.0000   0.0040   1.0000  85.7785
 -14.200  -0.4945   0.14372   0.13552  -0.0254   1.0000   0.0041   1.0000  85.8146
 -14.150  -0.4942   0.14274   0.13433  -0.0258   1.0000   0.0041   1.0000  85.8421
 -14.100  -0.4938   0.14180   0.13318  -0.0262   1.0000   0.0042   1.0000  85.8639
 -14.050  -0.4933   0.14087   0.13207  -0.0266   1.0000   0.0042   1.0000  85.8819
 -14.000  -0.4928   0.13997   0.13099  -0.0270   1.0000   0.0042   1.0000  85.8971
 -13.950  -0.4923   0.13907   0.12992  -0.0273   1.0000   0.0043   1.0000  85.9102
 -13.900  -0.4919   0.13818   0.12887  -0.0277   1.0000   0.0043   1.0000  85.9216
 -13.850  -0.4914   0.13729   0.12782  -0.0281   1.0000   0.0043   1.0000  85.9317
 -13.800  -0.4909   0.13640   0.12677  -0.0285   1.0000   0.0043   1.0000  85.9408
 -13.750  -0.4905   0.13550   0.12573  -0.0288   1.0000   0.0043   1.0000  85.9489
 -13.700  -0.4902   0.13461   0.12469  -0.0292   1.0000   0.0043   1.0000  85.9563
 -13.650  -0.4898   0.13370   0.12364  -0.0296   1.0000   0.0043   1.0000  85.9630
 -13.600  -0.4895   0.13278   0.12258  -0.0300   1.0000   0.0044   1.0000  85.9691
 -13.550  -0.4892   0.13185   0.12151  -0.0304   1.0000   0.0044   1.0000  85.9748
 -13.500  -0.5117   0.12506   0.11292  -0.0331   1.0000   0.0047   1.0000  86.1271
 -13.450  -0.5143   0.12349   0.11103  -0.0338   1.0000   0.0047   1.0000  86.1614
 -13.400  -0.5156   0.12223   0.10958  -0.0344   1.0000   0.0048   1.0000  86.1842
 -13.350  -0.5165   0.12109   0.10827  -0.0349   1.0000   0.0048   1.0000  86.2032
 -13.300  -0.5171   0.12001   0.10704  -0.0354   1.0000   0.0048   1.0000  86.2198
 -13.250  -0.5177   0.11895   0.10585  -0.0359   1.0000   0.0049   1.0000  86.2354
 -13.200  -0.5182   0.11789   0.10468  -0.0364   1.0000   0.0049   1.0000  86.2507
 -13.150  -0.5187   0.11684   0.10350  -0.0369   1.0000   0.0049   1.0000  86.2658
 -13.100  -0.5193   0.11578   0.10233  -0.0374   1.0000   0.0050   1.0000  86.2811
 -13.050  -0.5199   0.11472   0.10114  -0.0379   1.0000   0.0050   1.0000  86.2965
 -13.000  -0.5206   0.11364   0.09995  -0.0384   1.0000   0.0050   1.0000  86.3122
 -12.950  -0.5214   0.11255   0.09874  -0.0389   1.0000   0.0051   1.0000  86.3283
 -12.900  -0.5224   0.11145   0.09752  -0.0394   1.0000   0.0051   1.0000  86.3449
 -12.850  -0.5234   0.11032   0.09626  -0.0399   1.0000   0.0051   1.0000  86.3621
 -12.800  -0.5246   0.10917   0.09498  -0.0405   1.0000   0.0052   1.0000  86.3800
 -12.750  -0.5261   0.10797   0.09364  -0.0411   1.0000   0.0052   1.0000  86.3987
 -12.700  -0.5278   0.10672   0.09223  -0.0417   1.0000   0.0052   1.0000  86.4184
 -12.650  -0.5298   0.10539   0.09074  -0.0423   1.0000   0.0053   1.0000  86.4393
 -12.600  -0.5322   0.10398   0.08913  -0.0431   1.0000   0.0053   1.0000  86.4615
 -12.550  -0.5354   0.10242   0.08734  -0.0438   1.0000   0.0054   1.0000  86.4856
 -12.500  -0.5398   0.10062   0.08523  -0.0448   1.0000   0.0054   1.0000  86.5124
 -12.450  -0.5470   0.09829   0.08243  -0.0461   1.0000   0.0055   1.0000  86.5451
 -12.400  -0.5586   0.09507   0.07846  -0.0479   1.0000   0.0056   1.0000  86.5815
 -12.350  -0.5699   0.09192   0.07458  -0.0498   1.0000   0.0056   1.0000  86.6031
 -12.300  -0.5848   0.08814   0.06985  -0.0521   1.0000   0.0056   1.0000  86.6149
 -12.250  -0.6072   0.08289   0.06316  -0.0556   1.0000   0.0056   1.0000  86.6091
 -12.200  -0.6279   0.07795   0.05689  -0.0590   1.0000   0.0056   1.0000  86.5868
 -12.150  -0.6391   0.07475   0.05297  -0.0614   1.0000   0.0055   1.0000  86.5686
 -12.100  -0.6496   0.07145   0.04900  -0.0639   1.0000   0.0055   1.0000  86.5466
 -12.050  -0.6620   0.06594   0.04246  -0.0688   1.0000   0.0054   1.0000  86.4951
 -12.000  -0.6693   0.06280   0.03883  -0.0717   1.0000   0.0053   1.0000  86.4676
 -11.950  -0.6752   0.06062   0.03635  -0.0737   1.0000   0.0053   1.0000  86.4519
 -11.900  -0.6808   0.05825   0.03364  -0.0762   0.9999   0.0053   1.0108  86.4377
 -11.850  -0.6862   0.05588   0.03092  -0.0789   0.9998   0.0052   1.0298  86.4259
 -11.800  -0.6915   0.05366   0.02838  -0.0815   0.9996   0.0052   1.0540  86.4167
 -11.650  -0.7072   0.04965   0.02396  -0.0843   0.9909   0.0052   2.1172  86.4020
 -11.600  -0.7124   0.04786   0.02190  -0.0863   0.9876   0.0052   2.4074  86.3980
 -11.550  -0.7176   0.04577   0.01948  -0.0889   0.9838   0.0052   2.7450  86.3951
 -11.500  -0.7234   0.04338   0.01665  -0.0920   0.9805   0.0052   3.0302  86.3938
 -11.450  -0.7296   0.04075   0.01348  -0.0956   0.9762   0.0052   3.3508  86.3944
 -11.400  -0.7364   0.03767   0.00970  -0.0998   0.9723   0.0052   3.6396  86.3987
 -11.350  -0.7434   0.03384   0.00493  -0.1050   0.9708   0.0052   3.7469  86.4098
 -11.300  -0.7528   0.02955  -0.00056  -0.1102   0.9615   0.0053   4.4101  86.4286
 -11.250  -0.7604   0.02847  -0.00193  -0.1098   0.9414   0.0053   5.7759  86.4339
 -11.200  -0.7671   0.02808  -0.00237  -0.1083   0.9287   0.0053   6.6272  86.4355
 -11.150  -0.7742   0.02764  -0.00291  -0.1067   0.9196   0.0053   7.2411  86.4377
 -11.100  -0.7826   0.02683  -0.00401  -0.1054   0.9118   0.0053   7.7623  86.4421
 -11.050  -0.7908   0.02585  -0.00529  -0.1042   0.9057   0.0053   8.1680  86.4488
 -11.000  -0.7983   0.02486  -0.00658  -0.1031   0.9003   0.0053   8.5260  86.4568
 -10.950  -0.8069   0.02375  -0.00809  -0.1019   0.8945   0.0053   8.9113  86.4658
 -10.900  -0.8151   0.02256  -0.00969  -0.1007   0.8905   0.0053   9.1850  86.4769
 -10.850  -0.8196   0.02167  -0.01075  -0.0998   0.8868   0.0054   9.4298  86.4899
 -10.800  -0.8225   0.02092  -0.01159  -0.0990   0.8832   0.0054   9.6723  86.5040
 -10.750  -0.8245   0.02025  -0.01229  -0.0982   0.8796   0.0054   9.9112  86.5190
 -10.700  -0.8256   0.01961  -0.01291  -0.0975   0.8770   0.0055  10.0830  86.5355
 -10.650  -0.8259   0.01901  -0.01343  -0.0969   0.8747   0.0055  10.2358  86.5530
 -10.600  -0.8256   0.01846  -0.01387  -0.0963   0.8722   0.0055  10.4030  86.5713
 -10.550  -0.8248   0.01796  -0.01424  -0.0958   0.8697   0.0056  10.5769  86.5902
 -10.500  -0.8236   0.01750  -0.01453  -0.0952   0.8670   0.0056  10.7534  86.6096
 -10.450  -0.8220   0.01708  -0.01477  -0.0947   0.8644   0.0057  10.9325  86.6296
 -10.400  -0.8200   0.01667  -0.01496  -0.0943   0.8624   0.0057  11.0623  86.6503
 -10.350  -0.8175   0.01629  -0.01511  -0.0938   0.8607   0.0057  11.1777  86.6715
 -10.300  -0.8148   0.01593  -0.01521  -0.0934   0.8588   0.0058  11.3061  86.6928
 -10.250  -0.8118   0.01560  -0.01528  -0.0930   0.8567   0.0058  11.4436  86.7142
 -10.200  -0.8086   0.01529  -0.01531  -0.0926   0.8546   0.0059  11.5866  86.7355
 -10.150  -0.8053   0.01500  -0.01531  -0.0922   0.8524   0.0059  11.7335  86.7565
 -10.100  -0.8018   0.01473  -0.01529  -0.0919   0.8502   0.0060  11.8848  86.7771
 -10.050  -0.7981   0.01447  -0.01524  -0.0915   0.8482   0.0060  12.0196  86.7975
 -10.000  -0.7941   0.01422  -0.01517  -0.0912   0.8468   0.0060  12.1114  86.8175
  -9.950  -0.7899   0.01399  -0.01508  -0.0909   0.8453   0.0061  12.2150  86.8368
  -9.900  -0.7857   0.01377  -0.01497  -0.0906   0.8436   0.0061  12.3281  86.8553
  -9.850  -0.7813   0.01356  -0.01485  -0.0903   0.8418   0.0062  12.4480  86.8729
  -9.800  -0.7769   0.01337  -0.01471  -0.0900   0.8400   0.0062  12.5723  86.8895
  -9.750  -0.7723   0.01319  -0.01456  -0.0898   0.8381   0.0062  12.7000  86.9052
  -9.700  -0.7677   0.01303  -0.01439  -0.0895   0.8361   0.0063  12.8312  86.9206
  -9.600  -0.7578   0.01274  -0.01398  -0.0890   0.8328   0.0063  13.0533  86.9493
  -9.550  -0.7527   0.01260  -0.01376  -0.0888   0.8316   0.0063  13.1348  86.9621
  -9.500  -0.7475   0.01248  -0.01354  -0.0886   0.8303   0.0064  13.2244  86.9734
  -9.450  -0.7422   0.01236  -0.01331  -0.0885   0.8289   0.0064  13.3203  86.9835
  -9.400  -0.7369   0.01224  -0.01308  -0.0883   0.8274   0.0064  13.4208  86.9922
  -9.350  -0.7317   0.01213  -0.01285  -0.0881   0.8258   0.0064  13.5243  86.9998
  -9.300  -0.7288   0.01173  -0.01305  -0.0876   0.8241   0.0066  13.6435  87.0595
  -9.250  -0.7247   0.01149  -0.01301  -0.0873   0.8223   0.0067  13.7597  87.1041
  -9.200  -0.7200   0.01130  -0.01290  -0.0871   0.8206   0.0068  13.8776  87.1425
  -9.100  -0.7098   0.01102  -0.01254  -0.0867   0.8179   0.0069  14.0608  87.2108
  -9.050  -0.7044   0.01091  -0.01232  -0.0865   0.8168   0.0070  14.1324  87.2417
  -9.000  -0.6989   0.01080  -0.01209  -0.0863   0.8156   0.0071  14.2115  87.2710
  -8.950  -0.6934   0.01071  -0.01186  -0.0862   0.8144   0.0071  14.2971  87.2991
  -8.900  -0.6878   0.01062  -0.01162  -0.0861   0.8130   0.0072  14.3881  87.3266
  -8.850  -0.6822   0.01054  -0.01138  -0.0859   0.8116   0.0073  14.4835  87.3536
  -8.800  -0.6766   0.01047  -0.01114  -0.0858   0.8101   0.0073  14.5851  87.3810
  -8.750  -0.6710   0.01039  -0.01091  -0.0856   0.8086   0.0074  14.6848  87.4077
  -8.700  -0.6653   0.01032  -0.01067  -0.0855   0.8070   0.0075  14.7929  87.4344
  -8.650  -0.6597   0.01025  -0.01044  -0.0854   0.8053   0.0075  14.9055  87.4616
  -8.600  -0.6540   0.01018  -0.01022  -0.0852   0.8038   0.0076  15.0092  87.4894
  -8.550  -0.6483   0.01011  -0.00999  -0.0851   0.8029   0.0077  15.0713  87.5179
  -8.500  -0.6425   0.01004  -0.00977  -0.0850   0.8018   0.0078  15.1418  87.5469
  -8.450  -0.6368   0.00997  -0.00956  -0.0849   0.8007   0.0078  15.2200  87.5762
  -8.400  -0.6310   0.00990  -0.00935  -0.0848   0.7994   0.0079  15.3050  87.6057
  -8.350  -0.6253   0.00983  -0.00914  -0.0847   0.7981   0.0080  15.3954  87.6352
  -8.300  -0.6195   0.00976  -0.00894  -0.0846   0.7967   0.0080  15.4902  87.6645
  -8.250  -0.6138   0.00969  -0.00874  -0.0845   0.7952   0.0081  15.5903  87.6938
  -8.200  -0.6081   0.00963  -0.00854  -0.0844   0.7937   0.0082  15.6887  87.7221
  -8.150  -0.6024   0.00957  -0.00835  -0.0843   0.7921   0.0083  15.7958  87.7491
  -8.100  -0.5967   0.00950  -0.00817  -0.0841   0.7905   0.0083  15.9062  87.7755
  -8.050  -0.5909   0.00944  -0.00798  -0.0840   0.7890   0.0084  16.0091  87.8012
  -8.000  -0.5851   0.00938  -0.00780  -0.0840   0.7881   0.0084  16.0668  87.8248
  -7.950  -0.5792   0.00932  -0.00762  -0.0839   0.7871   0.0085  16.1349  87.8478
  -7.900  -0.5734   0.00926  -0.00744  -0.0838   0.7860   0.0086  16.2079  87.8686
  -7.850  -0.5675   0.00920  -0.00726  -0.0837   0.7849   0.0086  16.2863  87.8879
  -7.800  -0.5617   0.00914  -0.00709  -0.0837   0.7836   0.0087  16.3690  87.9054
  -7.750  -0.5558   0.00909  -0.00692  -0.0836   0.7824   0.0087  16.4547  87.9214
  -7.700  -0.5499   0.00904  -0.00675  -0.0835   0.7811   0.0087  16.5426  87.9357
  -7.650  -0.5441   0.00899  -0.00658  -0.0834   0.7797   0.0088  16.6324  87.9485
  -7.600  -0.5382   0.00894  -0.00642  -0.0834   0.7784   0.0088  16.7233  87.9600
  -7.550  -0.5324   0.00889  -0.00626  -0.0833   0.7769   0.0088  16.8244  87.9700
  -7.500  -0.5265   0.00885  -0.00610  -0.0832   0.7754   0.0088  16.9270  87.9789
  -7.450  -0.5206   0.00880  -0.00594  -0.0832   0.7741   0.0089  17.0153  87.9869
  -7.400  -0.5146   0.00875  -0.00579  -0.0831   0.7733   0.0089  17.0693  87.9939
  -7.350  -0.5087   0.00870  -0.00564  -0.0831   0.7723   0.0089  17.1319  88.0013
  -7.300  -0.5037   0.00852  -0.00565  -0.0829   0.7713   0.0091  17.2036  88.0705
  -7.250  -0.4982   0.00840  -0.00558  -0.0828   0.7701   0.0093  17.2805  88.1284
  -7.200  -0.4926   0.00831  -0.00548  -0.0827   0.7689   0.0094  17.3621  88.1801
  -7.150  -0.4868   0.00824  -0.00536  -0.0826   0.7677   0.0096  17.4478  88.2264
  -7.100  -0.4810   0.00818  -0.00523  -0.0826   0.7664   0.0097  17.5369  88.2682
  -7.050  -0.4751   0.00813  -0.00510  -0.0825   0.7650   0.0098  17.6293  88.3065
  -7.000  -0.4692   0.00809  -0.00497  -0.0825   0.7636   0.0099  17.7254  88.3442
  -6.950  -0.4633   0.00806  -0.00483  -0.0824   0.7621   0.0100  17.8267  88.3815
  -6.900  -0.4573   0.00803  -0.00469  -0.0824   0.7605   0.0101  17.9326  88.4180
  -6.850  -0.4513   0.00799  -0.00455  -0.0824   0.7592   0.0102  18.0185  88.4541
  -6.800  -0.4452   0.00796  -0.00441  -0.0823   0.7584   0.0104  18.0758  88.4890
  -6.750  -0.4392   0.00792  -0.00428  -0.0823   0.7574   0.0105  18.1403  88.5231
  -6.700  -0.4331   0.00789  -0.00415  -0.0823   0.7564   0.0106  18.2115  88.5562
  -6.650  -0.4271   0.00785  -0.00403  -0.0823   0.7553   0.0107  18.2886  88.5881
  -6.600  -0.4211   0.00781  -0.00392  -0.0823   0.7540   0.0107  18.3704  88.6184
  -6.550  -0.4151   0.00778  -0.00381  -0.0822   0.7528   0.0108  18.4560  88.6485
  -6.500  -0.4092   0.00774  -0.00370  -0.0822   0.7514   0.0109  18.5464  88.6785
  -6.450  -0.4032   0.00771  -0.00359  -0.0822   0.7501   0.0110  18.6360  88.7074
  -6.400  -0.3972   0.00767  -0.00349  -0.0822   0.7487   0.0111  18.7302  88.7350
  -6.350  -0.3913   0.00764  -0.00339  -0.0821   0.7473   0.0112  18.8289  88.7619
  -6.300  -0.3853   0.00761  -0.00329  -0.0821   0.7458   0.0113  18.9313  88.7876
  -6.250  -0.3793   0.00757  -0.00320  -0.0821   0.7445   0.0113  19.0159  88.8125
  -6.200  -0.3733   0.00753  -0.00310  -0.0821   0.7437   0.0114  19.0681  88.8353
  -6.150  -0.3673   0.00750  -0.00301  -0.0821   0.7429   0.0115  19.1258  88.8565
  -6.100  -0.3612   0.00746  -0.00292  -0.0821   0.7420   0.0115  19.1884  88.8761
  -6.050  -0.3552   0.00743  -0.00283  -0.0821   0.7410   0.0116  19.2534  88.8937
  -6.000  -0.3491   0.00740  -0.00275  -0.0821   0.7400   0.0116  19.3238  88.9100
  -5.950  -0.3431   0.00737  -0.00266  -0.0821   0.7389   0.0117  19.3995  88.9250
  -5.900  -0.3371   0.00734  -0.00258  -0.0821   0.7377   0.0117  19.4759  88.9383
  -5.850  -0.3311   0.00731  -0.00250  -0.0821   0.7366   0.0118  19.5548  88.9501
  -5.800  -0.3250   0.00728  -0.00242  -0.0821   0.7354   0.0118  19.6356  88.9607
  -5.750  -0.3190   0.00725  -0.00235  -0.0821   0.7342   0.0118  19.7184  88.9701
  -5.700  -0.3130   0.00723  -0.00227  -0.0820   0.7328   0.0118  19.8110  88.9784
  -5.650  -0.3070   0.00720  -0.00220  -0.0820   0.7314   0.0119  19.9060  88.9858
  -5.600  -0.3010   0.00718  -0.00213  -0.0820   0.7300   0.0119  20.0016  88.9923
  -5.550  -0.2949   0.00715  -0.00206  -0.0821   0.7293   0.0119  20.0470  88.9981
  -5.500  -0.2891   0.00707  -0.00203  -0.0820   0.7285   0.0121  20.0995  89.0421
  -5.450  -0.2833   0.00699  -0.00201  -0.0820   0.7277   0.0123  20.1577  89.1135
  -5.400  -0.2773   0.00693  -0.00197  -0.0820   0.7267   0.0126  20.2209  89.1857
  -5.350  -0.2713   0.00689  -0.00192  -0.0820   0.7257   0.0128  20.2887  89.2523
  -5.300  -0.2653   0.00685  -0.00187  -0.0820   0.7247   0.0131  20.3602  89.3100
  -5.250  -0.2593   0.00682  -0.00181  -0.0821   0.7236   0.0132  20.4349  89.3586
  -5.200  -0.2533   0.00679  -0.00176  -0.0821   0.7224   0.0134  20.5122  89.4003
  -5.150  -0.2473   0.00676  -0.00170  -0.0821   0.7213   0.0135  20.5920  89.4393
  -5.100  -0.2412   0.00673  -0.00164  -0.0821   0.7201   0.0137  20.6735  89.4772
  -5.050  -0.2352   0.00671  -0.00159  -0.0821   0.7188   0.0138  20.7610  89.5134
  -5.000  -0.2292   0.00669  -0.00154  -0.0821   0.7174   0.0139  20.8513  89.5498
  -4.900  -0.2171   0.00664  -0.00143  -0.0821   0.7150   0.0142  21.0179  89.6213
  -4.850  -0.2110   0.00661  -0.00138  -0.0822   0.7143   0.0143  21.0629  89.6560
  -4.800  -0.2049   0.00659  -0.00134  -0.0822   0.7136   0.0145  21.1127  89.6901
  -4.750  -0.1988   0.00656  -0.00129  -0.0822   0.7128   0.0146  21.1671  89.7233
  -4.700  -0.1927   0.00654  -0.00125  -0.0823   0.7119   0.0147  21.2254  89.7553
  -4.650  -0.1867   0.00651  -0.00120  -0.0823   0.7110   0.0148  21.2872  89.7858
  -4.600  -0.1806   0.00649  -0.00116  -0.0823   0.7101   0.0149  21.3516  89.8144
  -4.550  -0.1745   0.00647  -0.00112  -0.0824   0.7091   0.0150  21.4186  89.8411
  -4.500  -0.1684   0.00645  -0.00108  -0.0824   0.7080   0.0151  21.4880  89.8656
  -4.450  -0.1624   0.00643  -0.00104  -0.0824   0.7070   0.0152  21.5595  89.8880
  -4.400  -0.1563   0.00641  -0.00101  -0.0825   0.7059   0.0153  21.6331  89.9082
  -4.350  -0.1503   0.00639  -0.00097  -0.0825   0.7048   0.0154  21.7088  89.9262
  -4.300  -0.1442   0.00638  -0.00094  -0.0825   0.7035   0.0154  21.7934  89.9418
  -4.250  -0.1382   0.00636  -0.00090  -0.0825   0.7022   0.0155  21.8804  89.9558
  -4.150  -0.1261   0.00633  -0.00084  -0.0826   0.7001   0.0155  22.0263  89.9787
  -4.100  -0.1199   0.00631  -0.00080  -0.0827   0.6995   0.0156  22.0686  89.9876
  -4.050  -0.1138   0.00629  -0.00077  -0.0827   0.6988   0.0156  22.1165  89.9955
  -4.000  -0.1077   0.00626  -0.00075  -0.0827   0.6980   0.0158  22.1692  90.0296
  -3.950  -0.1017   0.00622  -0.00074  -0.0828   0.6971   0.0162  22.2264  90.1193
  -3.900  -0.0956   0.00618  -0.00073  -0.0828   0.6962   0.0166  22.2875  90.2143
  -3.850  -0.0896   0.00616  -0.00071  -0.0829   0.6953   0.0171  22.3519  90.3055
  -3.800  -0.0835   0.00613  -0.00068  -0.0829   0.6943   0.0174  22.4190  90.3850
  -3.750  -0.0774   0.00611  -0.00066  -0.0829   0.6933   0.0177  22.4883  90.4521
  -3.700  -0.0714   0.00609  -0.00064  -0.0830   0.6922   0.0180  22.5601  90.5147
  -3.650  -0.0653   0.00607  -0.00062  -0.0830   0.6912   0.0183  22.6322  90.5719
  -3.600  -0.0593   0.00606  -0.00059  -0.0831   0.6900   0.0186  22.7084  90.6261
  -3.550  -0.0532   0.00604  -0.00057  -0.0831   0.6889   0.0188  22.7877  90.6796
  -3.500  -0.0472   0.00603  -0.00055  -0.0831   0.6876   0.0190  22.8708  90.7310
  -3.400  -0.0351   0.00600  -0.00051  -0.0832   0.6855   0.0195  23.0182  90.8245
  -3.350  -0.0289   0.00598  -0.00049  -0.0833   0.6849   0.0197  23.0578  90.8637
  -3.300  -0.0228   0.00596  -0.00048  -0.0833   0.6842   0.0198  23.1021  90.8982
  -3.250  -0.0167   0.00595  -0.00046  -0.0834   0.6835   0.0200  23.1500  90.9265
  -3.200  -0.0106   0.00593  -0.00044  -0.0834   0.6827   0.0201  23.2045  90.9516
  -3.150  -0.0045   0.00592  -0.00043  -0.0835   0.6819   0.0202  23.2619  90.9709
  -3.100   0.0016   0.00591  -0.00041  -0.0836   0.6810   0.0202  23.3226  90.9861
  -3.050   0.0077   0.00589  -0.00039  -0.0836   0.6801   0.0203  23.3849  90.9977
  -3.000   0.0138   0.00587  -0.00039  -0.0837   0.6791   0.0209  23.4506  91.0916
  -2.950   0.0199   0.00585  -0.00038  -0.0837   0.6781   0.0216  23.5183  91.2218
  -2.900   0.0259   0.00583  -0.00037  -0.0838   0.6771   0.0225  23.5876  91.3603
  -2.850   0.0320   0.00582  -0.00036  -0.0838   0.6760   0.0232  23.6590  91.4830
  -2.800   0.0380   0.00580  -0.00035  -0.0838   0.6749   0.0238  23.7332  91.5849
  -2.750   0.0441   0.00579  -0.00034  -0.0839   0.6738   0.0244  23.8111  91.6763
  -2.700   0.0501   0.00577  -0.00033  -0.0839   0.6726   0.0249  23.8930  91.7600
  -2.600   0.0623   0.00575  -0.00031  -0.0841   0.6706   0.0257  24.0248  91.8946
  -2.550   0.0684   0.00574  -0.00030  -0.0841   0.6701   0.0260  24.0630  91.9419
  -2.500   0.0745   0.00572  -0.00029  -0.0842   0.6694   0.0262  24.1058  91.9763
  -2.450   0.0807   0.00571  -0.00028  -0.0843   0.6688   0.0264  24.1530  91.9989
  -2.400   0.0868   0.00569  -0.00028  -0.0843   0.6680   0.0278  24.2041  92.1797
  -2.350   0.0929   0.00567  -0.00027  -0.0844   0.6672   0.0295  24.2587  92.3956
  -2.300   0.0990   0.00565  -0.00027  -0.0844   0.6664   0.0309  24.3163  92.5731
  -2.250   0.1050   0.00564  -0.00026  -0.0845   0.6655   0.0320  24.3764  92.7163
  -2.200   0.1111   0.00562  -0.00026  -0.0846   0.6646   0.0331  24.4383  92.8455
  -2.150   0.1172   0.00561  -0.00025  -0.0846   0.6636   0.0339  24.5017  92.9556
  -2.100   0.1233   0.00560  -0.00025  -0.0847   0.6627   0.0357  24.5664  93.1469
  -2.050   0.1293   0.00558  -0.00025  -0.0847   0.6617   0.0391  24.6326  93.4809
  -2.000   0.1354   0.00555  -0.00025  -0.0848   0.6607   0.0419  24.7016  93.7608
  -1.950   0.1414   0.00554  -0.00024  -0.0849   0.6596   0.0457  24.7748  94.1166
  -1.900   0.1474   0.00549  -0.00025  -0.0849   0.6585   0.0547  24.8517  94.8831
  -1.800   0.1594   0.00541  -0.00025  -0.0851   0.6562   0.0760  25.0052  96.4953
  -1.750   0.1655   0.00537  -0.00025  -0.0851   0.6557   0.0851  25.0389  97.1454
  -1.700   0.1716   0.00532  -0.00026  -0.0852   0.6552   0.0972  25.0766  97.9924
  -1.650   0.1776   0.00526  -0.00026  -0.0853   0.6546   0.1129  25.1184  99.0839
  -1.600   0.1837   0.00520  -0.00027  -0.0854   0.6539   0.1299  25.1639 100.2590
  -1.550   0.1898   0.00514  -0.00027  -0.0855   0.6532   0.1464  25.2130 101.3815
  -1.500   0.1958   0.00508  -0.00028  -0.0856   0.6524   0.1630  25.2649 102.5003
  -1.450   0.2019   0.00502  -0.00029  -0.0857   0.6516   0.1810  25.3192 103.7144
  -1.400   0.2079   0.00496  -0.00029  -0.0858   0.6508   0.1989  25.3754 104.9221
  -1.350   0.2139   0.00488  -0.00030  -0.0860   0.6499   0.2223  25.4330 106.4991
  -1.300   0.2200   0.00480  -0.00031  -0.0861   0.6491   0.2463  25.4917 108.1052
  -1.250   0.2260   0.00471  -0.00032  -0.0862   0.6482   0.2725  25.5523 109.8565
  -1.200   0.2320   0.00462  -0.00033  -0.0863   0.6473   0.2999  25.6149 111.6921
  -1.150   0.2380   0.00454  -0.00034  -0.0864   0.6463   0.3243  25.6802 113.3229
  -1.100   0.2440   0.00447  -0.00035  -0.0866   0.6453   0.3476  25.7492 114.8800
  -1.050   0.2500   0.00438  -0.00036  -0.0867   0.6442   0.3751  25.8239 116.7188
  -1.000   0.2560   0.00429  -0.00038  -0.0868   0.6430   0.4040  25.9030 118.6603
  -0.900   0.2681   0.00411  -0.00040  -0.0871   0.6412   0.4585  26.0274 122.3366
  -0.850   0.2743   0.00404  -0.00040  -0.0872   0.6406   0.4795  26.0660 123.7597
  -0.800   0.2804   0.00399  -0.00041  -0.0873   0.6400   0.4972  26.1105 124.9643
  -0.750   0.2865   0.00394  -0.00041  -0.0875   0.6392   0.5118  26.1610 125.9551
  -0.700   0.2926   0.00391  -0.00041  -0.0876   0.6384   0.5246  26.2171 126.8183
  -0.650   0.2988   0.00388  -0.00040  -0.0876   0.6375   0.5351  26.2782 127.5254
  -0.600   0.3049   0.00386  -0.00040  -0.0877   0.6366   0.5428  26.3437 128.0480
  -0.550   0.3110   0.00384  -0.00040  -0.0878   0.6355   0.5502  26.4150 128.5494
  -0.500   0.3171   0.00384  -0.00040  -0.0879   0.6344   0.5550  26.4941 128.8711
  -0.450   0.3232   0.00384  -0.00040  -0.0879   0.6331   0.5583  26.5813 129.0914
  -0.400   0.3293   0.00383  -0.00040  -0.0880   0.6317   0.5632  26.6777 129.4201
  -0.350   0.3353   0.00382  -0.00039  -0.0881   0.6301   0.5686  26.7864 129.7832
  -0.300   0.3414   0.00382  -0.00039  -0.0881   0.6283   0.5743  26.9086 130.1640
  -0.250   0.3474   0.00381  -0.00039  -0.0882   0.6267   0.5821  27.0136 130.6882
  -0.200   0.3536   0.00380  -0.00039  -0.0883   0.6259   0.5879  27.0709 131.0731
  -0.150   0.3597   0.00378  -0.00039  -0.0884   0.6249   0.5944  27.1405 131.5127
  -0.100   0.3659   0.00377  -0.00039  -0.0884   0.6237   0.5986  27.2213 131.7925
  -0.050   0.3720   0.00378  -0.00039  -0.0885   0.6224   0.6011  27.3109 131.9560
   0.000   0.3781   0.00378  -0.00039  -0.0886   0.6210   0.6036  27.4071 132.1239
   0.000   0.3781   0.00378  -0.00039  -0.0886   0.6210   0.6036  27.4071 132.1239
   0.050   0.3842   0.00378  -0.00039  -0.0886   0.6195   0.6069  27.5069 132.3442
   0.100   0.3902   0.00377  -0.00039  -0.0887   0.6180   0.6105  27.6091 132.5823
   0.150   0.3963   0.00378  -0.00039  -0.0888   0.6164   0.6138  27.7150 132.8057
   0.200   0.4023   0.00379  -0.00039  -0.0888   0.6148   0.6163  27.8281 132.9718
   0.250   0.4084   0.00379  -0.00039  -0.0889   0.6131   0.6196  27.9455 133.1945
   0.300   0.4145   0.00379  -0.00039  -0.0889   0.6119   0.6224  28.0234 133.3778
   0.350   0.4207   0.00378  -0.00039  -0.0890   0.6111   0.6244  28.0760 133.5132
   0.400   0.4268   0.00378  -0.00040  -0.0891   0.6103   0.6263  28.1364 133.6391
   0.450   0.4330   0.00379  -0.00040  -0.0892   0.6093   0.6281  28.2037 133.7569
   0.500   0.4391   0.00379  -0.00040  -0.0892   0.6082   0.6297  28.2767 133.8623
   0.550   0.4452   0.00379  -0.00041  -0.0893   0.6071   0.6310  28.3532 133.9499
   0.650   0.4574   0.00380  -0.00041  -0.0894   0.6046   0.6347  28.5206 134.1989
   0.700   0.4635   0.00380  -0.00042  -0.0895   0.6033   0.6367  28.6133 134.3302
   0.750   0.4696   0.00381  -0.00042  -0.0895   0.6017   0.6384  28.7171 134.4444
   0.800   0.4756   0.00382  -0.00042  -0.0896   0.5999   0.6399  28.8428 134.5446
   0.850   0.4816   0.00383  -0.00043  -0.0896   0.5975   0.6412  29.0073 134.6326
   0.900   0.4877   0.00384  -0.00043  -0.0897   0.5959   0.6424  29.1166 134.7107
   0.950   0.4938   0.00384  -0.00044  -0.0897   0.5935   0.6435  29.2802 134.7808
   1.000   0.4998   0.00386  -0.00045  -0.0898   0.5903   0.6444  29.4975 134.8432
   1.050   0.5056   0.00389  -0.00045  -0.0898   0.5863   0.6452  29.7713 134.8976
   1.100   0.5115   0.00391  -0.00046  -0.0898   0.5824   0.6459  30.0387 134.9446
   1.150   0.5176   0.00392  -0.00046  -0.0899   0.5798   0.6465  30.2161 134.9848
   1.250   0.5294   0.00396  -0.00048  -0.0899   0.5721   0.6488  30.7429 135.1342
   1.300   0.5353   0.00398  -0.00048  -0.0899   0.5680   0.6500  31.0195 135.2130
   1.350   0.5413   0.00399  -0.00049  -0.0900   0.5652   0.6511  31.2165 135.2880
   1.400   0.5473   0.00401  -0.00050  -0.0900   0.5612   0.6522  31.4879 135.3586
   1.450   0.5530   0.00404  -0.00050  -0.0900   0.5564   0.6532  31.8151 135.4263
   1.500   0.5589   0.00406  -0.00051  -0.0900   0.5523   0.6542  32.0965 135.4917
   1.550   0.5649   0.00408  -0.00052  -0.0901   0.5484   0.6551  32.3661 135.5556
   1.600   0.5707   0.00410  -0.00052  -0.0901   0.5436   0.6561  32.6915 135.6185
   1.650   0.5765   0.00414  -0.00053  -0.0901   0.5391   0.6570  33.0052 135.6797
   1.700   0.5825   0.00415  -0.00054  -0.0901   0.5357   0.6579  33.2391 135.7390
   1.750   0.5883   0.00418  -0.00055  -0.0901   0.5306   0.6587  33.5871 135.7954
   1.800   0.5939   0.00422  -0.00055  -0.0901   0.5244   0.6595  34.0172 135.8483
   1.850   0.5997   0.00425  -0.00056  -0.0901   0.5180   0.6603  34.4536 135.8973
   1.900   0.6052   0.00431  -0.00056  -0.0900   0.5094   0.6609  35.0481 135.9415
   1.950   0.6107   0.00436  -0.00056  -0.0900   0.5003   0.6615  35.6806 135.9811
   2.050   0.6211   0.00452  -0.00055  -0.0898   0.4751   0.6637  37.4151 136.1253
   2.100   0.6259   0.00462  -0.00053  -0.0896   0.4584   0.6649  38.5667 136.2066
   2.150   0.6304   0.00475  -0.00050  -0.0894   0.4388   0.6661  39.9111 136.2838
   2.200   0.6349   0.00488  -0.00048  -0.0892   0.4184   0.6672  41.3154 136.3571
   2.250   0.6391   0.00503  -0.00044  -0.0889   0.3947   0.6683  42.9448 136.4283
   2.300   0.6434   0.00518  -0.00040  -0.0887   0.3716   0.6693  44.5248 136.4980
   2.350   0.6476   0.00534  -0.00036  -0.0884   0.3483   0.6704  46.1115 136.5663
   2.400   0.6518   0.00549  -0.00032  -0.0882   0.3252   0.6714  47.6910 136.6330
   2.450   0.6561   0.00564  -0.00028  -0.0879   0.3020   0.6723  49.2832 136.6973
   2.500   0.6603   0.00579  -0.00024  -0.0877   0.2796   0.6733  50.8182 136.7589
   2.550   0.6650   0.00591  -0.00022  -0.0875   0.2628   0.6741  51.9722 136.8168
   2.600   0.6699   0.00601  -0.00020  -0.0873   0.2486   0.6750  52.9459 136.8706
   2.650   0.6748   0.00611  -0.00019  -0.0872   0.2347   0.6757  53.8984 136.9196
   2.700   0.6798   0.00621  -0.00018  -0.0871   0.2213   0.6764  54.8221 136.9634
   2.800   0.6898   0.00638  -0.00016  -0.0868   0.1958   0.6783  56.5965 137.0934
   2.850   0.6948   0.00648  -0.00014  -0.0867   0.1828   0.6796  57.5040 137.1790
   2.900   0.6997   0.00657  -0.00013  -0.0865   0.1702   0.6809  58.3894 137.2606
   2.950   0.7047   0.00666  -0.00012  -0.0864   0.1582   0.6820  59.2378 137.3382
   3.000   0.7096   0.00676  -0.00011  -0.0862   0.1449   0.6832  60.1833 137.4133
   3.050   0.7144   0.00686  -0.00009  -0.0861   0.1317   0.6843  61.1311 137.4866
   3.100   0.7192   0.00696  -0.00008  -0.0859   0.1181   0.6854  62.1094 137.5582
   3.150   0.7240   0.00707  -0.00007  -0.0857   0.1047   0.6864  63.0900 137.6278
   3.200   0.7288   0.00717  -0.00005  -0.0855   0.0921   0.6874  64.0273 137.6951
   3.250   0.7338   0.00726  -0.00005  -0.0854   0.0826   0.6884  64.7463 137.7593
   3.300   0.7391   0.00733  -0.00005  -0.0853   0.0753   0.6893  65.3128 137.8194
   3.350   0.7441   0.00741  -0.00005  -0.0852   0.0662   0.6902  66.0272 137.8751
   3.400   0.7493   0.00748  -0.00005  -0.0850   0.0596   0.6909  66.5670 137.9260
   3.450   0.7545   0.00756  -0.00006  -0.0849   0.0521   0.6916  67.2112 137.9711
   3.550   0.7649   0.00770  -0.00006  -0.0847   0.0393   0.6938  68.4280 138.1171
   3.600   0.7702   0.00776  -0.00007  -0.0846   0.0346   0.6952  68.9115 138.2045
   3.650   0.7758   0.00780  -0.00009  -0.0845   0.0328   0.6964  69.1241 138.2873
   3.700   0.7815   0.00783  -0.00012  -0.0845   0.0316   0.6976  69.2783 138.3658
   3.750   0.7871   0.00787  -0.00014  -0.0845   0.0303   0.6987  69.4350 138.4402
   3.800   0.7926   0.00791  -0.00016  -0.0844   0.0289   0.6999  69.6101 138.5148
   3.850   0.7983   0.00795  -0.00019  -0.0844   0.0273   0.7010  69.8134 138.5869
   3.900   0.8039   0.00798  -0.00021  -0.0843   0.0260   0.7020  69.9853 138.6573
   3.950   0.8097   0.00801  -0.00025  -0.0843   0.0257   0.7031  70.0339 138.7251
   4.000   0.8154   0.00804  -0.00028  -0.0843   0.0253   0.7040  70.0875 138.7882
   4.050   0.8211   0.00807  -0.00031  -0.0842   0.0249   0.7050  70.1606 138.8497
   4.100   0.8268   0.00810  -0.00035  -0.0842   0.0243   0.7058  70.2489 138.9052
   4.150   0.8325   0.00814  -0.00038  -0.0841   0.0237   0.7065  70.3491 138.9546
   4.200   0.8381   0.00818  -0.00042  -0.0841   0.0230   0.7072  70.4609 138.9997
   4.250   0.8436   0.00822  -0.00045  -0.0840   0.0222   0.7087  70.5879 139.0941
   4.300   0.8492   0.00826  -0.00049  -0.0840   0.0213   0.7101  70.7388 139.1867
   4.350   0.8549   0.00829  -0.00052  -0.0839   0.0203   0.7114  70.8924 139.2751
   4.400   0.8605   0.00833  -0.00056  -0.0839   0.0197   0.7127  71.0034 139.3590
   4.450   0.8662   0.00835  -0.00061  -0.0838   0.0196   0.7139  71.0264 139.4383
   4.500   0.8720   0.00838  -0.00065  -0.0838   0.0194   0.7151  71.0648 139.5174
   4.550   0.8777   0.00841  -0.00070  -0.0837   0.0191   0.7162  71.1196 139.5929
   4.600   0.8833   0.00844  -0.00075  -0.0837   0.0187   0.7173  71.1950 139.6657
   4.650   0.8889   0.00848  -0.00079  -0.0836   0.0183   0.7184  71.2905 139.7352
   4.700   0.8945   0.00852  -0.00084  -0.0836   0.0177   0.7194  71.4029 139.8007
   4.750   0.9000   0.00856  -0.00089  -0.0835   0.0171   0.7203  71.5297 139.8617
   4.800   0.9055   0.00861  -0.00094  -0.0834   0.0164   0.7212  71.6818 139.9175
   4.850   0.9110   0.00865  -0.00099  -0.0833   0.0155   0.7219  71.8649 139.9676
   4.950   0.9222   0.00873  -0.00110  -0.0832   0.0148   0.7243  72.0350 140.1224
   5.000   0.9278   0.00876  -0.00115  -0.0831   0.0146   0.7257  72.0763 140.2152
   5.050   0.9335   0.00879  -0.00121  -0.0830   0.0144   0.7271  72.1318 140.3053
   5.100   0.9390   0.00883  -0.00127  -0.0830   0.0141   0.7284  72.2003 140.3921
   5.150   0.9446   0.00887  -0.00134  -0.0829   0.0138   0.7297  72.2805 140.4773
   5.200   0.9501   0.00891  -0.00140  -0.0828   0.0135   0.7309  72.3667 140.5587
   5.250   0.9556   0.00895  -0.00146  -0.0827   0.0132   0.7321  72.4562 140.6396
   5.300   0.9611   0.00900  -0.00153  -0.0826   0.0128   0.7333  72.5531 140.7193
   5.350   0.9665   0.00904  -0.00159  -0.0825   0.0124   0.7345  72.6577 140.7933
   5.400   0.9719   0.00909  -0.00166  -0.0824   0.0120   0.7355  72.7657 140.8623
   5.450   0.9773   0.00914  -0.00172  -0.0823   0.0117   0.7365  72.8681 140.9253
   5.500   0.9827   0.00919  -0.00179  -0.0822   0.0113   0.7373  72.9604 140.9816
   5.600   0.9937   0.00928  -0.00194  -0.0820   0.0111   0.7402  73.0180 141.1705
   5.650   0.9993   0.00931  -0.00202  -0.0819   0.0111   0.7417  73.0329 141.2685
   5.700   1.0048   0.00935  -0.00210  -0.0818   0.0110   0.7431  73.0498 141.3623
   5.750   1.0103   0.00939  -0.00218  -0.0817   0.0110   0.7445  73.0700 141.4518
   5.800   1.0158   0.00943  -0.00227  -0.0816   0.0109   0.7458  73.0929 141.5394
   5.850   1.0213   0.00947  -0.00235  -0.0815   0.0108   0.7471  73.1185 141.6244
   5.900   1.0268   0.00951  -0.00244  -0.0814   0.0107   0.7483  73.1471 141.7082
   5.950   1.0322   0.00955  -0.00253  -0.0813   0.0106   0.7495  73.1766 141.7833
   6.000   1.0377   0.00960  -0.00263  -0.0812   0.0105   0.7506  73.2085 141.8554
   6.050   1.0431   0.00964  -0.00272  -0.0811   0.0104   0.7516  73.2419 141.9211
   6.100   1.0485   0.00969  -0.00282  -0.0809   0.0103   0.7525  73.2769 141.9800
   6.200   1.0593   0.00978  -0.00301  -0.0807   0.0101   0.7554  73.3505 142.1727
   6.250   1.0646   0.00983  -0.00311  -0.0806   0.0100   0.7569  73.3872 142.2729
   6.300   1.0700   0.00987  -0.00321  -0.0804   0.0099   0.7584  73.4235 142.3696
   6.350   1.0753   0.00992  -0.00332  -0.0803   0.0098   0.7598  73.4597 142.4636
   6.400   1.0806   0.00997  -0.00343  -0.0801   0.0097   0.7612  73.4959 142.5567
   6.450   1.0859   0.01003  -0.00353  -0.0800   0.0096   0.7626  73.5323 142.6483
   6.500   1.0911   0.01008  -0.00364  -0.0798   0.0095   0.7639  73.5694 142.7371
   6.550   1.0963   0.01013  -0.00375  -0.0797   0.0093   0.7652  73.6086 142.8231
   6.600   1.1015   0.01019  -0.00387  -0.0795   0.0092   0.7664  73.6482 142.9010
   6.650   1.1067   0.01025  -0.00398  -0.0793   0.0091   0.7675  73.6887 142.9713
   6.750   1.1168   0.01038  -0.00420  -0.0789   0.0089   0.7707  73.7700 143.1833
   6.800   1.1218   0.01044  -0.00432  -0.0787   0.0088   0.7724  73.8092 143.2976
   6.850   1.1268   0.01051  -0.00443  -0.0785   0.0086   0.7741  73.8467 143.4086
   6.900   1.1316   0.01059  -0.00454  -0.0783   0.0085   0.7757  73.8815 143.5143
   6.950   1.1364   0.01067  -0.00464  -0.0780   0.0084   0.7773  73.9158 143.6214
   7.000   1.1410   0.01075  -0.00475  -0.0777   0.0083   0.7788  73.9478 143.7219
   7.050   1.1456   0.01085  -0.00484  -0.0774   0.0083   0.7802  73.9785 143.8162
   7.100   1.1501   0.01094  -0.00495  -0.0771   0.0082   0.7815  74.0010 143.9026
   7.150   1.1552   0.01100  -0.00509  -0.0769   0.0082   0.7826  74.0052 143.9762
   7.200   1.1603   0.01106  -0.00522  -0.0767   0.0082   0.7842  74.0097 144.0831
   7.250   1.1653   0.01112  -0.00537  -0.0765   0.0082   0.7861  74.0146 144.2052
   7.300   1.1703   0.01117  -0.00551  -0.0763   0.0081   0.7879  74.0198 144.3241
   7.350   1.1753   0.01123  -0.00565  -0.0761   0.0081   0.7895  74.0255 144.4347
   7.400   1.1803   0.01129  -0.00580  -0.0759   0.0081   0.7912  74.0316 144.5442
   7.450   1.1853   0.01136  -0.00595  -0.0757   0.0081   0.7928  74.0381 144.6506
   7.500   1.1902   0.01142  -0.00610  -0.0754   0.0081   0.7943  74.0452 144.7516
   7.550   1.1951   0.01148  -0.00626  -0.0752   0.0081   0.7957  74.0527 144.8454
   7.600   1.2000   0.01155  -0.00642  -0.0749   0.0080   0.7970  74.0608 144.9303
   7.700   1.2096   0.01168  -0.00674  -0.0745   0.0080   0.8001  74.0789 145.1368
   7.750   1.2144   0.01175  -0.00690  -0.0742   0.0080   0.8019  74.0887 145.2599
   7.800   1.2192   0.01182  -0.00706  -0.0739   0.0080   0.8037  74.0989 145.3791
   7.850   1.2239   0.01189  -0.00723  -0.0737   0.0079   0.8055  74.1099 145.4945
   7.900   1.2286   0.01196  -0.00740  -0.0734   0.0079   0.8072  74.1220 145.6113
   7.950   1.2333   0.01202  -0.00758  -0.0731   0.0079   0.8088  74.1359 145.7203
   8.000   1.2380   0.01209  -0.00776  -0.0728   0.0078   0.8104  74.1517 145.8228
   8.050   1.2427   0.01216  -0.00794  -0.0726   0.0078   0.8118  74.1691 145.9171
   8.100   1.2474   0.01223  -0.00813  -0.0723   0.0077   0.8130  74.1878 145.9993
   8.150   1.2521   0.01230  -0.00831  -0.0720   0.0077   0.8151  74.2074 146.1365
   8.200   1.2567   0.01236  -0.00850  -0.0717   0.0076   0.8171  74.2272 146.2719
   8.250   1.2612   0.01244  -0.00869  -0.0714   0.0076   0.8191  74.2465 146.4051
   8.300   1.2656   0.01251  -0.00888  -0.0711   0.0076   0.8210  74.2644 146.5361
   8.350   1.2700   0.01259  -0.00907  -0.0707   0.0075   0.8229  74.2818 146.6631
   8.400   1.2743   0.01267  -0.00926  -0.0704   0.0075   0.8247  74.2995 146.7830
   8.450   1.2786   0.01275  -0.00945  -0.0700   0.0074   0.8264  74.3173 146.8928
   8.500   1.2828   0.01284  -0.00965  -0.0696   0.0074   0.8278  74.3353 146.9897
   8.550   1.2868   0.01292  -0.00984  -0.0692   0.0073   0.8299  74.3531 147.1319
   8.600   1.2905   0.01299  -0.01003  -0.0688   0.0073   0.8322  74.3704 147.2834
   8.650   1.2940   0.01307  -0.01022  -0.0682   0.0073   0.8344  74.3873 147.4338
   8.700   1.2973   0.01315  -0.01040  -0.0677   0.0072   0.8366  74.4040 147.5821
   8.750   1.3005   0.01323  -0.01059  -0.0671   0.0072   0.8387  74.4205 147.7245
   8.800   1.3038   0.01331  -0.01078  -0.0666   0.0071   0.8407  74.4369 147.8561
   8.850   1.3070   0.01340  -0.01097  -0.0660   0.0071   0.8424  74.4530 147.9732
   8.900   1.3101   0.01348  -0.01116  -0.0654   0.0071   0.8447  74.4689 148.1266
   8.950   1.3132   0.01357  -0.01135  -0.0648   0.0070   0.8472  74.4845 148.2973
   9.000   1.3163   0.01366  -0.01155  -0.0643   0.0070   0.8497  74.5000 148.4653
   9.050   1.3194   0.01375  -0.01174  -0.0637   0.0069   0.8521  74.5153 148.6285
   9.100   1.3226   0.01385  -0.01194  -0.0631   0.0069   0.8544  74.5304 148.7829
   9.150   1.3256   0.01394  -0.01214  -0.0625   0.0069   0.8565  74.5452 148.9245
   9.200   1.3287   0.01404  -0.01234  -0.0620   0.0068   0.8587  74.5598 149.0761
   9.250   1.3317   0.01414  -0.01253  -0.0614   0.0068   0.8616  74.5741 149.2680
   9.300   1.3347   0.01424  -0.01273  -0.0608   0.0068   0.8644  74.5882 149.4598
   9.350   1.3378   0.01434  -0.01294  -0.0603   0.0067   0.8672  74.6022 149.6478
   9.400   1.3409   0.01444  -0.01314  -0.0597   0.0067   0.8698  74.6160 149.8265
   9.450   1.3439   0.01455  -0.01335  -0.0591   0.0067   0.8722  74.6295 149.9898
   9.500   1.3468   0.01466  -0.01355  -0.0586   0.0066   0.8755  74.6428 150.2092
   9.550   1.3497   0.01477  -0.01375  -0.0580   0.0066   0.8789  74.6559 150.4446
   9.600   1.3525   0.01488  -0.01395  -0.0574   0.0066   0.8824  74.6689 150.6803
   9.650   1.3555   0.01500  -0.01415  -0.0568   0.0066   0.8857  74.6819 150.9022
   9.700   1.3583   0.01512  -0.01435  -0.0563   0.0065   0.8892  74.6949 151.1389
   9.750   1.3610   0.01524  -0.01455  -0.0557   0.0065   0.8934  74.7076 151.4269
   9.800   1.3636   0.01537  -0.01474  -0.0551   0.0065   0.8976  74.7204 151.7171
   9.850   1.3662   0.01550  -0.01493  -0.0545   0.0064   0.9014  74.7332 151.9773
   9.900   1.3686   0.01563  -0.01512  -0.0538   0.0064   0.9058  74.7459 152.2827
   9.950   1.3711   0.01577  -0.01531  -0.0532   0.0064   0.9105  74.7587 152.6116
  10.000   1.3735   0.01591  -0.01549  -0.0526   0.0063   0.9148  74.7716 152.9099
  10.050   1.3756   0.01606  -0.01566  -0.0519   0.0063   0.9192  74.7842 153.2183
  10.100   1.3776   0.01621  -0.01582  -0.0512   0.0063   0.9242  74.7968 153.5808
  10.150   1.3796   0.01637  -0.01599  -0.0506   0.0063   0.9289  74.8098 153.9188
  10.200   1.3813   0.01652  -0.01614  -0.0498   0.0062   0.9342  74.8226 154.3045
  10.250   1.3828   0.01668  -0.01628  -0.0491   0.0062   0.9407  74.8353 154.7800
  10.300   1.3836   0.01683  -0.01640  -0.0482   0.0062   0.9497  74.8473 155.4569
  10.350   1.3846   0.01697  -0.01652  -0.0473   0.0061   0.9717  74.8600 157.1679
  10.550   1.3904   0.01791  -0.01687  -0.0447   0.0060   1.0000  74.9203 160.0000
  10.600   1.3913   0.01820  -0.01688  -0.0440   0.0060   1.0000  74.9364 160.0000
  10.650   1.3918   0.01852  -0.01686  -0.0432   0.0059   1.0000  74.9534 160.0000
  10.700   1.3917   0.01889  -0.01677  -0.0424   0.0059   1.0000  74.9711 160.0000
  10.750   1.3908   0.01930  -0.01659  -0.0415   0.0058   1.0000  74.9900 160.0000
  10.800   1.3913   0.01964  -0.01655  -0.0408   0.0058   1.0000  75.0013 160.0000
  10.850   1.3940   0.01984  -0.01674  -0.0403   0.0058   1.0000  75.0044 160.0000
  10.900   1.3968   0.02003  -0.01694  -0.0399   0.0058   1.0000  75.0080 160.0000
  10.950   1.3995   0.02022  -0.01715  -0.0394   0.0058   1.0000  75.0121 160.0000
  11.000   1.4024   0.02040  -0.01737  -0.0390   0.0058   1.0000  75.0167 160.0000
  11.050   1.4052   0.02059  -0.01759  -0.0386   0.0058   1.0000  75.0218 160.0000
  11.100   1.4081   0.02077  -0.01781  -0.0381   0.0058   1.0000  75.0275 160.0000
  11.150   1.4110   0.02096  -0.01804  -0.0377   0.0057   1.0000  75.0336 160.0000
  11.200   1.4138   0.02116  -0.01826  -0.0373   0.0057   1.0000  75.0400 160.0000
  11.250   1.4163   0.02137  -0.01846  -0.0368   0.0057   1.0000  75.0464 160.0000
  11.300   1.4187   0.02160  -0.01864  -0.0364   0.0057   1.0000  75.0527 160.0000
  11.350   1.4209   0.02184  -0.01879  -0.0359   0.0057   1.0000  75.0588 160.0000
  11.400   1.4231   0.02209  -0.01895  -0.0354   0.0057   1.0000  75.0650 160.0000
  11.450   1.4253   0.02234  -0.01910  -0.0349   0.0057   1.0000  75.0716 160.0000
  11.500   1.4273   0.02260  -0.01924  -0.0344   0.0057   1.0000  75.0785 160.0000
  11.550   1.4292   0.02287  -0.01937  -0.0340   0.0056   1.0000  75.0857 160.0000
  11.600   1.4311   0.02314  -0.01949  -0.0335   0.0056   1.0000  75.0932 160.0000
  11.650   1.4330   0.02342  -0.01962  -0.0330   0.0056   1.0000  75.1012 160.0000
  11.700   1.4348   0.02371  -0.01974  -0.0325   0.0056   1.0000  75.1096 160.0000
  11.750   1.4366   0.02400  -0.01984  -0.0320   0.0056   1.0000  75.1183 160.0000
  11.800   1.4382   0.02430  -0.01994  -0.0315   0.0056   1.0000  75.1273 160.0000
  11.850   1.4398   0.02461  -0.02002  -0.0311   0.0055   1.0000  75.1366 160.0000
  11.900   1.4413   0.02493  -0.02010  -0.0306   0.0055   1.0000  75.1463 160.0000
  11.950   1.4428   0.02525  -0.02017  -0.0301   0.0055   1.0000  75.1565 160.0000
  12.000   1.4442   0.02558  -0.02023  -0.0296   0.0055   1.0000  75.1669 160.0000
  12.050   1.4454   0.02593  -0.02027  -0.0291   0.0055   1.0000  75.1775 160.0000
  12.100   1.4465   0.02628  -0.02030  -0.0287   0.0054   1.0000  75.1883 160.0000
  12.150   1.4476   0.02664  -0.02032  -0.0282   0.0054   1.0000  75.1996 160.0000
  12.200   1.4487   0.02701  -0.02034  -0.0277   0.0054   1.0000  75.2113 160.0000
  12.250   1.4496   0.02739  -0.02033  -0.0272   0.0054   1.0000  75.2231 160.0000
  12.300   1.4503   0.02779  -0.02030  -0.0268   0.0053   1.0000  75.2349 160.0000
  12.350   1.4510   0.02819  -0.02026  -0.0263   0.0053   1.0000  75.2469 160.0000
  12.400   1.4517   0.02860  -0.02021  -0.0258   0.0053   1.0000  75.2593 160.0000
  12.450   1.4522   0.02903  -0.02014  -0.0254   0.0053   1.0000  75.2717 160.0000
  12.500   1.4525   0.02946  -0.02005  -0.0249   0.0052   1.0000  75.2840 160.0000
  12.550   1.4528   0.02991  -0.01994  -0.0244   0.0052   1.0000  75.2963 160.0000
  12.600   1.4530   0.03037  -0.01982  -0.0240   0.0052   1.0000  75.3087 160.0000
  12.650   1.4531   0.03084  -0.01969  -0.0236   0.0052   1.0000  75.3212 160.0000
  12.700   1.4530   0.03133  -0.01953  -0.0231   0.0052   1.0000  75.3335 160.0000
  12.750   1.4528   0.03183  -0.01934  -0.0227   0.0051   1.0000  75.3456 160.0000
  12.800   1.4526   0.03235  -0.01914  -0.0222   0.0051   1.0000  75.3578 160.0000
  12.850   1.4523   0.03287  -0.01893  -0.0218   0.0051   1.0000  75.3700 160.0000
  12.900   1.4517   0.03341  -0.01869  -0.0214   0.0051   1.0000  75.3817 160.0000
  12.950   1.4511   0.03396  -0.01842  -0.0210   0.0050   1.0000  75.3933 160.0000
  13.000   1.4504   0.03452  -0.01815  -0.0206   0.0050   1.0000  75.4049 160.0000
  13.050   1.4496   0.03510  -0.01785  -0.0202   0.0050   1.0000  75.4164 160.0000
  13.100   1.4486   0.03570  -0.01752  -0.0198   0.0050   1.0000  75.4273 160.0000
  13.150   1.4475   0.03631  -0.01717  -0.0195   0.0049   1.0000  75.4383 160.0000
  13.200   1.4465   0.03693  -0.01681  -0.0191   0.0049   1.0000  75.4493 160.0000
  13.250   1.4451   0.03757  -0.01642  -0.0188   0.0049   1.0000  75.4597 160.0000
  13.300   1.4437   0.03823  -0.01600  -0.0185   0.0049   1.0000  75.4698 160.0000
  13.350   1.4423   0.03889  -0.01557  -0.0181   0.0049   1.0000  75.4801 160.0000
  13.400   1.4407   0.03957  -0.01511  -0.0178   0.0048   1.0000  75.4898 160.0000
  13.450   1.4390   0.04027  -0.01462  -0.0176   0.0048   1.0000  75.4991 160.0000
  13.500   1.4373   0.04098  -0.01413  -0.0173   0.0048   1.0000  75.5086 160.0000
  13.550   1.4354   0.04171  -0.01360  -0.0171   0.0048   1.0000  75.5176 160.0000
  13.600   1.4334   0.04245  -0.01305  -0.0168   0.0048   1.0000  75.5262 160.0000
  13.650   1.4314   0.04321  -0.01248  -0.0166   0.0048   1.0000  75.5348 160.0000
  13.700   1.4293   0.04399  -0.01188  -0.0164   0.0047   1.0000  75.5432 160.0000
  13.750   1.4271   0.04479  -0.01126  -0.0163   0.0047   1.0000  75.5510 160.0000
  13.800   1.4249   0.04559  -0.01062  -0.0161   0.0047   1.0000  75.5590 160.0000
  13.850   1.4225   0.04642  -0.00996  -0.0160   0.0047   1.0000  75.5664 160.0000
  13.900   1.4200   0.04726  -0.00926  -0.0159   0.0047   1.0000  75.5735 160.0000
  13.950   1.4176   0.04811  -0.00856  -0.0158   0.0047   1.0000  75.5808 160.0000
  14.000   1.4150   0.04898  -0.00783  -0.0157   0.0047   1.0000  75.5877 160.0000
  14.050   1.4125   0.04987  -0.00709  -0.0157   0.0047   1.0000  75.5947 160.0000
  14.100   1.4102   0.05075  -0.00635  -0.0157   0.0046   1.0000  75.6020 160.0000
  14.150   1.4076   0.05166  -0.00558  -0.0157   0.0046   1.0000  75.6089 160.0000
  14.200   1.4051   0.05257  -0.00481  -0.0157   0.0046   1.0000  75.6159 160.0000
  14.250   1.4027   0.05349  -0.00403  -0.0157   0.0046   1.0000  75.6231 160.0000
  14.300   1.4001   0.05443  -0.00322  -0.0158   0.0046   1.0000  75.6297 160.0000
  14.350   1.3977   0.05537  -0.00241  -0.0159   0.0046   1.0000  75.6366 160.0000
  14.400   1.3952   0.05633  -0.00158  -0.0160   0.0046   1.0000  75.6431 160.0000
  14.450   1.3926   0.05731  -0.00072  -0.0162   0.0045   1.0000  75.6494 160.0000
  14.500   1.3901   0.05829   0.00013  -0.0163   0.0045   1.0000  75.6559 160.0000
  14.550   1.3875   0.05930   0.00103  -0.0165   0.0045   1.0000  75.6618 160.0000
  14.600   1.3848   0.06032   0.00194  -0.0167   0.0045   1.0000  75.6677 160.0000
  14.650   1.3823   0.06135   0.00286  -0.0169   0.0045   1.0000  75.6737 160.0000
  14.700   1.3795   0.06241   0.00383  -0.0172   0.0045   1.0000  75.6790 160.0000
  14.750   1.3770   0.06348   0.00479  -0.0175   0.0045   1.0000  75.6846 160.0000
  14.800   1.3742   0.06457   0.00580  -0.0178   0.0045   1.0000  75.6897 160.0000
  14.850   1.3714   0.06568   0.00683  -0.0181   0.0045   1.0000  75.6946 160.0000
  14.900   1.3688   0.06680   0.00786  -0.0185   0.0045   1.0000  75.6996 160.0000
  14.950   1.3658   0.06795   0.00895  -0.0189   0.0044   1.0000  75.7039 160.0000
  15.000   1.3631   0.06910   0.01004  -0.0193   0.0044   1.0000  75.7084 160.0000
  15.050   1.3601   0.07029   0.01118  -0.0197   0.0044   1.0000  75.7123 160.0000
  15.100   1.3572   0.07150   0.01234  -0.0202   0.0044   1.0000  75.7162 160.0000
  15.150   1.3543   0.07272   0.01352  -0.0207   0.0044   1.0000  75.7200 160.0000
  15.200   1.3512   0.07398   0.01475  -0.0212   0.0044   1.0000  75.7233 160.0000
  15.250   1.3483   0.07524   0.01599  -0.0218   0.0044   1.0000  75.7268 160.0000
  15.300   1.3451   0.07654   0.01729  -0.0224   0.0044   1.0000  75.7296 160.0000
  15.350   1.3421   0.07785   0.01860  -0.0230   0.0044   1.0000  75.7326 160.0000
  15.400   1.3389   0.07921   0.01997  -0.0236   0.0044   1.0000  75.7350 160.0000
  15.450   1.3358   0.08057   0.02135  -0.0243   0.0044   1.0000  75.7376 160.0000
  15.500   1.3325   0.08197   0.02279  -0.0250   0.0044   1.0000  75.7396 160.0000
  15.550   1.3294   0.08338   0.02424  -0.0258   0.0044   1.0000  75.7418 160.0000
  15.600   1.3260   0.08483   0.02575  -0.0265   0.0044   1.0000  75.7434 160.0000
  15.650   1.3228   0.08629   0.02728  -0.0273   0.0044   1.0000  75.7451 160.0000
  15.700   1.3194   0.08779   0.02887  -0.0282   0.0044   1.0000  75.7463 160.0000
  15.750   1.3161   0.08929   0.03047  -0.0290   0.0044   1.0000  75.7476 160.0000
  15.800   1.3127   0.09084   0.03213  -0.0300   0.0044   1.0000  75.7484 160.0000
  15.850   1.3093   0.09241   0.03383  -0.0309   0.0044   1.0000  75.7492 160.0000
  15.900   1.3059   0.09400   0.03556  -0.0318   0.0044   1.0000  75.7498 160.0000
  15.950   1.3025   0.09563   0.03735  -0.0329   0.0044   1.0000  75.7501 160.0000
  16.000   1.2991   0.09728   0.03917  -0.0339   0.0044   1.0000  75.7504 160.0000
  16.050   1.2956   0.09895   0.04104  -0.0349   0.0044   1.0000  75.7503 160.0000
  16.100   1.2921   0.10066   0.04297  -0.0360   0.0044   1.0000  75.7500 160.0000
  16.150   1.2887   0.10239   0.04493  -0.0372   0.0044   1.0000  75.7496 160.0000
  16.200   1.2852   0.10414   0.04695  -0.0383   0.0044   1.0000  75.7490 160.0000
  16.250   1.2817   0.10594   0.04904  -0.0395   0.0044   1.0000  75.7480 160.0000
  16.300   1.2781   0.10775   0.05116  -0.0407   0.0044   1.0000  75.7469 160.0000
  16.350   1.2746   0.10958   0.05334  -0.0419   0.0044   1.0000  75.7455 160.0000
  16.400   1.2709   0.11144   0.05558  -0.0432   0.0044   1.0000  75.7438 160.0000
  16.450   1.2673   0.11335   0.05791  -0.0445   0.0044   1.0000  75.7418 160.0000
  16.500   1.2636   0.11530   0.06031  -0.0458   0.0044   1.0000  75.7396 160.0000
  16.550   1.2598   0.11727   0.06277  -0.0471   0.0044   1.0000  75.7370 160.0000
  16.600   1.2559   0.11928   0.06533  -0.0485   0.0044   1.0000  75.7340 160.0000
  16.650   1.2520   0.12134   0.06798  -0.0499   0.0044   1.0000  75.7306 160.0000
  16.700   1.2480   0.12343   0.07074  -0.0513   0.0044   1.0000  75.7268 160.0000
  16.750   1.2437   0.12558   0.07362  -0.0527   0.0044   1.0000  75.7224 160.0000
  16.800   1.2393   0.12779   0.07664  -0.0542   0.0044   1.0000  75.7173 160.0000
  16.850   1.2347   0.13006   0.07982  -0.0557   0.0044   1.0000  75.7114 160.0000
  16.900   1.2297   0.13242   0.08320  -0.0572   0.0044   1.0000  75.7045 160.0000
  16.950   1.2242   0.13488   0.08683  -0.0588   0.0045   1.0000  75.6964 160.0000
  17.000   1.2182   0.13748   0.09076  -0.0605   0.0045   1.0000  75.6868 160.0000
  17.050   1.2114   0.14024   0.09507  -0.0623   0.0045   1.0000  75.6753 160.0000
  17.100   1.2037   0.14320   0.09983  -0.0641   0.0045   1.0000  75.6617 160.0000
  17.150   1.1948   0.14642   0.10517  -0.0662   0.0046   1.0000  75.6456 160.0000
  17.200   1.1842   0.15001   0.11132  -0.0685   0.0046   1.0000  75.6260 160.0000
  17.250   1.1724   0.15386   0.11807  -0.0709   0.0046   1.0000  75.6045 160.0000
  17.300   1.1600   0.15789   0.12526  -0.0736   0.0047   1.0000  75.5831 160.0000
  17.350   1.1459   0.16238   0.13344  -0.0765   0.0047   1.0000  75.5608 160.0000
  17.400   1.1282   0.16783   0.14365  -0.0801   0.0048   1.0000  75.5375 160.0000
  17.500   1.0496   0.19209   0.19090  -0.0955   0.0046   1.0000  75.6001 160.0000
  17.550   1.0437   0.19517   0.19671  -0.0973   0.0046   1.0000  75.6387 160.0000
  17.600   1.0409   0.19732   0.20065  -0.0986   0.0045   1.0000  75.6677 160.0000
  17.650   1.0394   0.19907   0.20382  -0.0997   0.0045   1.0000  75.6917 160.0000
  17.700   1.0386   0.20057   0.20650  -0.1006   0.0044   1.0000  75.7119 160.0000
  17.750   1.0384   0.20191   0.20888  -0.1014   0.0044   1.0000  75.7296 160.0000
  17.800   1.0384   0.20315   0.21108  -0.1021   0.0044   1.0000  75.7457 160.0000
  17.850   1.0387   0.20433   0.21315  -0.1028   0.0043   1.0000  75.7608 160.0000
  17.900   1.0391   0.20546   0.21515  -0.1035   0.0043   1.0000  75.7752 160.0000
  17.950   1.0395   0.20657   0.21710  -0.1042   0.0043   1.0000  75.7893 160.0000
  18.000   1.0401   0.20765   0.21903  -0.1049   0.0043   1.0000  75.8034 160.0000
  18.050   1.0406   0.20874   0.22098  -0.1056   0.0042   1.0000  75.8181 160.0000
  18.100   1.0410   0.20987   0.22301  -0.1063   0.0042   1.0000  75.8343 160.0000
  18.150   1.0411   0.21109   0.22524  -0.1070   0.0042   1.0000  75.8534 160.0000
  18.200   1.0404   0.21262   0.22814  -0.1079   0.0041   1.0000  75.8826 160.0000
  18.250   1.0235   0.22053   0.24419  -0.1120   0.0038   1.0000  76.0743 160.0000
  18.300   1.0241   0.22165   0.24631  -0.1126   0.0038   1.0000  76.0935 160.0000
  18.350   1.0247   0.22280   0.24850  -0.1133   0.0037   1.0000  76.1172 160.0000
  18.400   1.0251   0.22399   0.25081  -0.1140   0.0037   1.0000  76.1478 160.0000
  18.450   1.0254   0.22530   0.25335  -0.1147   0.0036   1.0000  76.1904 160.0000
  18.500   1.0252   0.22682   0.25634  -0.1155   0.0035   1.0000  76.2549 160.0000
  18.550   1.0246   0.22854   0.25974  -0.1164   0.0034   1.0000  76.3426 160.0000
  18.600   1.0245   0.23008   0.26278  -0.1172   0.0033   1.0000  76.4186 160.0000
  18.650   1.0249   0.23138   0.26534  -0.1179   0.0032   1.0000  76.4735 160.0000
  18.700   1.0256   0.23254   0.26761  -0.1186   0.0031   1.0000  76.5152 160.0000
  18.750   1.0264   0.23362   0.26972  -0.1192   0.0031   1.0000  76.5489 160.0000
  18.800   1.0274   0.23464   0.27173  -0.1198   0.0030   1.0000  76.5780 160.0000
  18.850   1.0284   0.23565   0.27371  -0.1204   0.0030   1.0000  76.6053 160.0000
  18.900   1.0295   0.23662   0.27563  -0.1210   0.0029   1.0000  76.6289 160.0000
  18.950   1.0307   0.23755   0.27748  -0.1215   0.0029   1.0000  76.6501 160.0000
  19.000   1.0319   0.23847   0.27929  -0.1221   0.0029   1.0000  76.6692 160.0000
  19.050   1.0331   0.23935   0.28106  -0.1226   0.0029   1.0000  76.6866 160.0000
  19.100   1.0344   0.24022   0.28279  -0.1232   0.0028   1.0000  76.7028 160.0000
  19.150   1.0357   0.24108   0.28450  -0.1237   0.0028   1.0000  76.7178 160.0000
  19.200   1.0371   0.24191   0.28618  -0.1242   0.0028   1.0000  76.7319 160.0000
  19.250   1.0385   0.24274   0.28784  -0.1248   0.0028   1.0000  76.7452 160.0000
  19.300   1.0399   0.24355   0.28948  -0.1253   0.0028   1.0000  76.7578 160.0000
  19.350   1.0413   0.24435   0.29110  -0.1258   0.0027   1.0000  76.7698 160.0000
  19.400   1.0427   0.24514   0.29271  -0.1263   0.0027   1.0000  76.7814 160.0000
  19.450   1.0442   0.24592   0.29430  -0.1268   0.0027   1.0000  76.7925 160.0000
  19.500   1.0456   0.24670   0.29589  -0.1274   0.0027   1.0000  76.8032 160.0000
  19.550   1.0471   0.24747   0.29746  -0.1279   0.0027   1.0000  76.8137 160.0000
  19.600   1.0486   0.24823   0.29903  -0.1284   0.0027   1.0000  76.8240 160.0000
  19.650   1.0501   0.24899   0.30060  -0.1289   0.0027   1.0000  76.8342 160.0000
  19.700   1.0515   0.24975   0.30217  -0.1294   0.0026   1.0000  76.8444 160.0000
  19.750   1.0530   0.25050   0.30374  -0.1299   0.0026   1.0000  76.8547 160.0000
  19.800   1.0545   0.25126   0.30531  -0.1304   0.0026   1.0000  76.8652 160.0000
  19.850   1.0560   0.25202   0.30690  -0.1309   0.0026   1.0000  76.8762 160.0000
  19.900   1.0574   0.25279   0.30852  -0.1314   0.0026   1.0000  76.8881 160.0000
  19.950   1.0588   0.25358   0.31018  -0.1319   0.0026   1.0000  76.9015 160.0000
  20.000   1.0602   0.25443   0.31195  -0.1325   0.0025   1.0000  76.9188 160.0000
