 -20.000  -1.1224   0.08413   0.01098  -0.0863   0.9805   0.0139   2.8810  91.9057
 -19.950  -1.1200   0.08310   0.01019  -0.0876   0.9778   0.0140   3.1029  91.9145
 -19.900  -1.1177   0.08204   0.00936  -0.0888   0.9754   0.0140   3.2779  91.9227
 -19.850  -1.1162   0.08090   0.00842  -0.0902   0.9732   0.0140   3.4503  91.9300
 -19.800  -1.1146   0.07976   0.00748  -0.0915   0.9708   0.0140   3.6267  91.9368
 -19.750  -1.1115   0.07879   0.00679  -0.0927   0.9682   0.0140   3.8213  91.9446
 -19.700  -1.1084   0.07782   0.00610  -0.0940   0.9658   0.0140   4.0065  91.9520
 -19.650  -1.1056   0.07681   0.00536  -0.0953   0.9636   0.0141   4.1564  91.9588
 -19.600  -1.1035   0.07573   0.00450  -0.0966   0.9612   0.0141   4.3201  91.9646
 -19.550  -1.1007   0.07475   0.00378  -0.0979   0.9584   0.0141   4.5111  91.9706
 -19.500  -1.0969   0.07386   0.00321  -0.0991   0.9551   0.0141   4.7380  91.9768
 -19.450  -1.0932   0.07298   0.00263  -0.1003   0.9515   0.0141   4.9896  91.9826
 -19.400  -1.0901   0.07208   0.00203  -0.1014   0.9481   0.0141   5.2099  91.9877
 -19.350  -1.0879   0.07115   0.00134  -0.1025   0.9444   0.0142   5.4423  91.9920
 -19.300  -1.0854   0.07026   0.00072  -0.1036   0.9404   0.0142   5.7010  91.9962
 -19.250  -1.0824   0.06939   0.00012  -0.1047   0.9357   0.0142   6.0025  92.0036
 -19.200  -1.0836   0.06820  -0.00101  -0.1058   0.9315   0.0142   6.2563  92.0221
 -19.150  -1.0848   0.06702  -0.00211  -0.1068   0.9272   0.0143   6.5131  92.0384
 -19.100  -1.0855   0.06588  -0.00315  -0.1079   0.9233   0.0143   6.7517  92.0546
 -19.000  -1.0839   0.06400  -0.00465  -0.1098   0.9163   0.0144   7.1645  92.0897
 -18.950  -1.0829   0.06308  -0.00537  -0.1108   0.9133   0.0145   7.3391  92.1056
 -18.900  -1.0817   0.06210  -0.00615  -0.1118   0.9108   0.0145   7.4871  92.1206
 -18.850  -1.0788   0.06120  -0.00678  -0.1130   0.9088   0.0146   7.5999  92.1378
 -18.800  -1.0740   0.06032  -0.00732  -0.1145   0.9079   0.0146   7.6552  92.1569
 -18.750  -1.0673   0.05938  -0.00789  -0.1163   0.9087   0.0147   7.6103  92.1776
 -18.700  -1.0573   0.05827  -0.00858  -0.1191   0.9132   0.0147   7.3479  92.2011
 -18.650  -1.0460   0.05707  -0.00934  -0.1222   0.9204   0.0148   6.9257  92.2247
 -18.600  -1.0383   0.05613  -0.00991  -0.1242   0.9228   0.0149   6.7812  92.2428
 -18.550  -1.0300   0.05533  -0.01030  -0.1261   0.9239   0.0149   6.7140  92.2612
 -18.500  -1.0216   0.05459  -0.01064  -0.1279   0.9241   0.0150   6.7018  92.2789
 -18.450  -1.0137   0.05388  -0.01095  -0.1296   0.9229   0.0150   6.7760  92.2956
 -18.300  -1.0001   0.05215  -0.01171  -0.1323   0.9058   0.0151   7.7771  92.3338
 -18.250  -0.9991   0.05165  -0.01192  -0.1324   0.8988   0.0152   8.1750  92.3428
 -18.200  -0.9979   0.05119  -0.01208  -0.1325   0.8929   0.0152   8.5075  92.3525
 -18.150  -0.9962   0.05082  -0.01214  -0.1326   0.8869   0.0152   8.8452  92.3631
 -18.100  -0.9947   0.05045  -0.01218  -0.1325   0.8821   0.0152   9.1104  92.3738
 -18.050  -0.9929   0.05008  -0.01221  -0.1325   0.8781   0.0153   9.3277  92.3849
 -18.000  -0.9911   0.04972  -0.01225  -0.1326   0.8739   0.0153   9.5593  92.3962
 -17.950  -0.9895   0.04935  -0.01229  -0.1326   0.8695   0.0153   9.8030  92.4075
 -17.900  -0.9881   0.04897  -0.01235  -0.1325   0.8654   0.0154  10.0253  92.4185
 -17.850  -0.9868   0.04856  -0.01244  -0.1325   0.8628   0.0154  10.1658  92.4295
 -17.800  -0.9857   0.04813  -0.01256  -0.1326   0.8599   0.0154  10.3214  92.4401
 -17.750  -0.9845   0.04771  -0.01266  -0.1326   0.8568   0.0155  10.4902  92.4508
 -17.700  -0.9829   0.04735  -0.01270  -0.1326   0.8534   0.0155  10.6699  92.4623
 -17.650  -0.9810   0.04702  -0.01270  -0.1325   0.8499   0.0155  10.8635  92.4739
 -17.600  -0.9792   0.04668  -0.01271  -0.1325   0.8469   0.0156  11.0252  92.4853
 -17.550  -0.9773   0.04633  -0.01272  -0.1325   0.8450   0.0156  11.1252  92.4966
 -17.500  -0.9755   0.04598  -0.01274  -0.1325   0.8429   0.0156  11.2371  92.5077
 -17.450  -0.9738   0.04562  -0.01278  -0.1325   0.8406   0.0157  11.3597  92.5184
 -17.400  -0.9723   0.04525  -0.01284  -0.1324   0.8381   0.0157  11.4907  92.5286
 -17.350  -0.9711   0.04485  -0.01292  -0.1324   0.8355   0.0157  11.6287  92.5383
 -17.300  -0.9701   0.04445  -0.01304  -0.1324   0.8328   0.0157  11.7763  92.5474
 -17.250  -0.9690   0.04406  -0.01312  -0.1323   0.8299   0.0158  11.9328  92.5566
 -17.200  -0.9673   0.04371  -0.01315  -0.1323   0.8279   0.0158  12.0348  92.5662
 -17.150  -0.9654   0.04338  -0.01316  -0.1323   0.8266   0.0158  12.1079  92.5759
 -17.100  -0.9636   0.04304  -0.01317  -0.1322   0.8250   0.0159  12.1893  92.5857
 -17.050  -0.9617   0.04271  -0.01318  -0.1322   0.8234   0.0159  12.2794  92.5954
 -17.000  -0.9599   0.04237  -0.01320  -0.1321   0.8215   0.0159  12.3771  92.6050
 -16.950  -0.9582   0.04203  -0.01322  -0.1321   0.8196   0.0159  12.4810  92.6144
 -16.900  -0.9567   0.04167  -0.01326  -0.1320   0.8175   0.0160  12.5909  92.6236
 -16.850  -0.9554   0.04131  -0.01333  -0.1319   0.8153   0.0160  12.7081  92.6326
 -16.800  -0.9542   0.04093  -0.01341  -0.1319   0.8129   0.0160  12.8351  92.6413
 -16.700  -0.9509   0.04025  -0.01346  -0.1317   0.8091   0.0161  13.0374  92.6598
 -16.650  -0.9488   0.03994  -0.01344  -0.1317   0.8080   0.0161  13.0969  92.6694
 -16.600  -0.9467   0.03964  -0.01342  -0.1316   0.8068   0.0161  13.1642  92.6790
 -16.550  -0.9447   0.03933  -0.01341  -0.1315   0.8054   0.0162  13.2393  92.6884
 -16.500  -0.9427   0.03903  -0.01339  -0.1315   0.8038   0.0162  13.3219  92.6978
 -16.450  -0.9407   0.03872  -0.01338  -0.1314   0.8022   0.0162  13.4110  92.7074
 -16.400  -0.9388   0.03842  -0.01338  -0.1313   0.8004   0.0162  13.5059  92.7175
 -16.350  -0.9369   0.03811  -0.01338  -0.1312   0.7985   0.0163  13.6065  92.7278
 -16.300  -0.9353   0.03779  -0.01339  -0.1311   0.7965   0.0163  13.7149  92.7382
 -16.250  -0.9336   0.03747  -0.01340  -0.1310   0.7943   0.0163  13.8337  92.7486
 -16.150  -0.9292   0.03691  -0.01333  -0.1308   0.7906   0.0164  14.0284  92.7707
 -16.100  -0.9266   0.03665  -0.01327  -0.1307   0.7896   0.0164  14.0814  92.7820
 -16.050  -0.9241   0.03639  -0.01320  -0.1306   0.7885   0.0165  14.1423  92.7928
 -16.000  -0.9216   0.03613  -0.01314  -0.1305   0.7872   0.0165  14.2108  92.8035
 -15.950  -0.9191   0.03587  -0.01309  -0.1304   0.7858   0.0165  14.2869  92.8136
 -15.900  -0.9168   0.03561  -0.01304  -0.1303   0.7843   0.0165  14.3698  92.8231
 -15.850  -0.9145   0.03535  -0.01299  -0.1302   0.7827   0.0166  14.4584  92.8322
 -15.800  -0.9123   0.03507  -0.01296  -0.1301   0.7809   0.0166  14.5523  92.8406
 -15.750  -0.9104   0.03479  -0.01294  -0.1300   0.7791   0.0166  14.6522  92.8484
 -15.700  -0.9086   0.03449  -0.01294  -0.1298   0.7770   0.0166  14.7610  92.8556
 -15.650  -0.9068   0.03419  -0.01295  -0.1297   0.7748   0.0167  14.8796  92.8624
 -15.550  -0.9022   0.03367  -0.01286  -0.1295   0.7719   0.0167  15.0412  92.8761
 -15.500  -0.8997   0.03342  -0.01280  -0.1293   0.7709   0.0167  15.0921  92.8829
 -15.450  -0.8972   0.03318  -0.01274  -0.1292   0.7699   0.0167  15.1500  92.8896
 -15.400  -0.8947   0.03294  -0.01268  -0.1291   0.7687   0.0168  15.2146  92.8960
 -15.350  -0.8922   0.03270  -0.01262  -0.1289   0.7674   0.0168  15.2858  92.9022
 -15.300  -0.8898   0.03246  -0.01256  -0.1288   0.7660   0.0168  15.3620  92.9083
 -15.250  -0.8874   0.03221  -0.01251  -0.1287   0.7645   0.0168  15.4427  92.9142
 -15.200  -0.8851   0.03197  -0.01246  -0.1285   0.7629   0.0168  15.5269  92.9198
 -15.150  -0.8829   0.03171  -0.01242  -0.1284   0.7613   0.0168  15.6150  92.9252
 -15.100  -0.8808   0.03145  -0.01239  -0.1282   0.7596   0.0169  15.7087  92.9304
 -15.050  -0.8787   0.03120  -0.01236  -0.1281   0.7577   0.0169  15.8099  92.9356
 -15.000  -0.8763   0.03096  -0.01230  -0.1279   0.7558   0.0169  15.9151  92.9411
 -14.950  -0.8735   0.03075  -0.01222  -0.1278   0.7541   0.0169  16.0038  92.9469
 -14.900  -0.8705   0.03055  -0.01212  -0.1276   0.7535   0.0169  16.0409  92.9527
 -14.850  -0.8675   0.03035  -0.01202  -0.1275   0.7527   0.0169  16.0832  92.9583
 -14.800  -0.8644   0.03015  -0.01192  -0.1274   0.7518   0.0170  16.1306  92.9637
 -14.750  -0.8614   0.02995  -0.01183  -0.1272   0.7509   0.0170  16.1833  92.9689
 -14.700  -0.8584   0.02976  -0.01173  -0.1271   0.7498   0.0170  16.2409  92.9737
 -14.650  -0.8554   0.02956  -0.01164  -0.1270   0.7487   0.0170  16.3030  92.9781
 -14.600  -0.8525   0.02935  -0.01155  -0.1268   0.7475   0.0170  16.3692  92.9822
 -14.550  -0.8497   0.02915  -0.01148  -0.1267   0.7462   0.0170  16.4388  92.9860
 -14.500  -0.8471   0.02893  -0.01141  -0.1265   0.7449   0.0170  16.5116  92.9894
 -14.450  -0.8447   0.02871  -0.01136  -0.1263   0.7435   0.0170  16.5879  92.9924
 -14.400  -0.8423   0.02848  -0.01131  -0.1261   0.7420   0.0171  16.6688  92.9952
 -14.350  -0.8399   0.02826  -0.01126  -0.1260   0.7404   0.0171  16.7559  92.9977
 -14.300  -0.8375   0.02804  -0.01120  -0.1258   0.7387   0.0171  16.8505  93.0017
 -14.200  -0.8359   0.02744  -0.01130  -0.1252   0.7357   0.0172  17.0118  93.0373
 -14.150  -0.8346   0.02715  -0.01132  -0.1250   0.7351   0.0172  17.0460  93.0545
 -14.100  -0.8333   0.02688  -0.01133  -0.1247   0.7344   0.0173  17.0850  93.0712
 -14.050  -0.8318   0.02661  -0.01134  -0.1245   0.7336   0.0173  17.1290  93.0873
 -14.000  -0.8303   0.02635  -0.01134  -0.1242   0.7327   0.0174  17.1780  93.1027
 -13.950  -0.8288   0.02608  -0.01134  -0.1240   0.7317   0.0174  17.2318  93.1176
 -13.900  -0.8273   0.02582  -0.01134  -0.1237   0.7307   0.0175  17.2901  93.1320
 -13.850  -0.8255   0.02557  -0.01132  -0.1235   0.7296   0.0175  17.3525  93.1465
 -13.800  -0.8233   0.02535  -0.01128  -0.1232   0.7284   0.0176  17.4185  93.1612
 -13.750  -0.8210   0.02515  -0.01122  -0.1230   0.7271   0.0176  17.4877  93.1756
 -13.700  -0.8186   0.02495  -0.01116  -0.1228   0.7258   0.0177  17.5605  93.1897
 -13.650  -0.8162   0.02475  -0.01109  -0.1225   0.7244   0.0177  17.6376  93.2035
 -13.600  -0.8137   0.02456  -0.01102  -0.1223   0.7229   0.0178  17.7209  93.2169
 -13.550  -0.8113   0.02437  -0.01096  -0.1221   0.7212   0.0178  17.8122  93.2300
 -13.500  -0.8088   0.02417  -0.01089  -0.1218   0.7195   0.0178  17.9079  93.2428
 -13.400  -0.8039   0.02377  -0.01077  -0.1214   0.7173   0.0179  18.0287  93.2672
 -13.350  -0.8015   0.02357  -0.01072  -0.1211   0.7167   0.0180  18.0631  93.2789
 -13.300  -0.7991   0.02337  -0.01066  -0.1209   0.7160   0.0180  18.1021  93.2905
 -13.250  -0.7964   0.02318  -0.01058  -0.1207   0.7152   0.0180  18.1455  93.3021
 -13.200  -0.7935   0.02302  -0.01050  -0.1205   0.7143   0.0181  18.1934  93.3138
 -13.150  -0.7905   0.02285  -0.01041  -0.1203   0.7134   0.0181  18.2453  93.3253
 -13.100  -0.7876   0.02269  -0.01032  -0.1200   0.7124   0.0181  18.3008  93.3365
 -13.050  -0.7847   0.02253  -0.01023  -0.1198   0.7113   0.0182  18.3594  93.3477
 -13.000  -0.7817   0.02237  -0.01014  -0.1196   0.7102   0.0182  18.4205  93.3586
 -12.950  -0.7789   0.02221  -0.01005  -0.1194   0.7091   0.0182  18.4838  93.3694
 -12.900  -0.7760   0.02204  -0.00997  -0.1191   0.7079   0.0183  18.5492  93.3800
 -12.850  -0.7732   0.02188  -0.00989  -0.1189   0.7067   0.0183  18.6172  93.3905
 -12.800  -0.7705   0.02171  -0.00982  -0.1186   0.7054   0.0183  18.6889  93.4008
 -12.750  -0.7679   0.02154  -0.00975  -0.1184   0.7040   0.0184  18.7656  93.4109
 -12.700  -0.7653   0.02137  -0.00967  -0.1181   0.7026   0.0184  18.8468  93.4209
 -12.650  -0.7625   0.02120  -0.00960  -0.1179   0.7011   0.0184  18.9283  93.4310
 -12.600  -0.7595   0.02105  -0.00951  -0.1177   0.6998   0.0185  19.0008  93.4413
 -12.550  -0.7563   0.02091  -0.00941  -0.1174   0.6993   0.0185  19.0249  93.4518
 -12.500  -0.7531   0.02076  -0.00932  -0.1172   0.6989   0.0185  19.0522  93.4622
 -12.450  -0.7499   0.02062  -0.00923  -0.1170   0.6983   0.0186  19.0830  93.4727
 -12.400  -0.7468   0.02047  -0.00914  -0.1168   0.6977   0.0186  19.1171  93.4831
 -12.350  -0.7437   0.02033  -0.00905  -0.1166   0.6970   0.0186  19.1546  93.4935
 -12.300  -0.7406   0.02018  -0.00897  -0.1163   0.6963   0.0187  19.1954  93.5039
 -12.250  -0.7377   0.02003  -0.00889  -0.1161   0.6955   0.0187  19.2395  93.5143
 -12.200  -0.7348   0.01988  -0.00881  -0.1158   0.6947   0.0187  19.2864  93.5245
 -12.150  -0.7320   0.01973  -0.00874  -0.1156   0.6938   0.0188  19.3361  93.5348
 -12.100  -0.7292   0.01957  -0.00866  -0.1153   0.6929   0.0188  19.3881  93.5451
 -12.050  -0.7264   0.01942  -0.00859  -0.1150   0.6919   0.0188  19.4422  93.5562
 -12.000  -0.7233   0.01929  -0.00850  -0.1148   0.6909   0.0189  19.4983  93.5683
 -11.950  -0.7201   0.01916  -0.00841  -0.1145   0.6898   0.0189  19.5565  93.5811
 -11.900  -0.7170   0.01904  -0.00832  -0.1143   0.6888   0.0190  19.6175  93.5942
 -11.850  -0.7138   0.01892  -0.00823  -0.1140   0.6876   0.0190  19.6827  93.6076
 -11.800  -0.7106   0.01879  -0.00814  -0.1138   0.6863   0.0191  19.7533  93.6210
 -11.750  -0.7075   0.01867  -0.00805  -0.1135   0.6850   0.0191  19.8296  93.6344
 -11.700  -0.7043   0.01854  -0.00796  -0.1133   0.6836   0.0191  19.9078  93.6475
 -11.600  -0.6982   0.01827  -0.00780  -0.1128   0.6816   0.0192  20.0157  93.6728
 -11.550  -0.6952   0.01813  -0.00773  -0.1125   0.6812   0.0193  20.0399  93.6846
 -11.500  -0.6923   0.01799  -0.00766  -0.1122   0.6807   0.0193  20.0674  93.6959
 -11.450  -0.6894   0.01785  -0.00759  -0.1120   0.6802   0.0193  20.0982  93.7066
 -11.400  -0.6862   0.01772  -0.00751  -0.1117   0.6796   0.0194  20.1324  93.7172
 -11.350  -0.6830   0.01760  -0.00743  -0.1115   0.6789   0.0194  20.1701  93.7278
 -11.300  -0.6797   0.01748  -0.00735  -0.1112   0.6782   0.0194  20.2111  93.7384
 -11.250  -0.6765   0.01736  -0.00727  -0.1110   0.6774   0.0195  20.2553  93.7490
 -11.200  -0.6732   0.01724  -0.00719  -0.1107   0.6765   0.0195  20.3024  93.7595
 -11.150  -0.6701   0.01712  -0.00711  -0.1104   0.6757   0.0195  20.3521  93.7699
 -11.100  -0.6669   0.01700  -0.00703  -0.1102   0.6747   0.0196  20.4042  93.7801
 -11.050  -0.6639   0.01687  -0.00696  -0.1099   0.6738   0.0196  20.4585  93.7902
 -11.000  -0.6609   0.01675  -0.00689  -0.1096   0.6728   0.0196  20.5150  93.8001
 -10.950  -0.6580   0.01662  -0.00682  -0.1093   0.6717   0.0197  20.5739  93.8098
 -10.900  -0.6551   0.01649  -0.00675  -0.1090   0.6706   0.0197  20.6360  93.8195
 -10.850  -0.6520   0.01638  -0.00668  -0.1087   0.6694   0.0197  20.7023  93.8292
 -10.800  -0.6487   0.01627  -0.00660  -0.1084   0.6682   0.0198  20.7738  93.8388
 -10.750  -0.6454   0.01616  -0.00652  -0.1082   0.6668   0.0198  20.8495  93.8484
 -10.700  -0.6421   0.01605  -0.00645  -0.1079   0.6655   0.0198  20.9248  93.8578
 -10.600  -0.6355   0.01583  -0.00630  -0.1074   0.6638   0.0199  21.0177  93.8760
 -10.550  -0.6322   0.01572  -0.00622  -0.1071   0.6635   0.0199  21.0394  93.8848
 -10.500  -0.6289   0.01560  -0.00615  -0.1068   0.6630   0.0199  21.0635  93.8932
 -10.450  -0.6257   0.01548  -0.00609  -0.1066   0.6626   0.0200  21.0898  93.9015
 -10.400  -0.6225   0.01536  -0.00602  -0.1063   0.6621   0.0200  21.1184  93.9094
 -10.350  -0.6193   0.01525  -0.00596  -0.1060   0.6615   0.0200  21.1491  93.9171
 -10.300  -0.6160   0.01514  -0.00589  -0.1058   0.6610   0.0200  21.1820  93.9247
 -10.250  -0.6125   0.01504  -0.00581  -0.1055   0.6603   0.0201  21.2170  93.9321
 -10.200  -0.6090   0.01494  -0.00574  -0.1052   0.6597   0.0201  21.2541  93.9392
 -10.150  -0.6056   0.01484  -0.00566  -0.1050   0.6590   0.0201  21.2931  93.9460
 -10.100  -0.6021   0.01474  -0.00559  -0.1047   0.6583   0.0201  21.3341  93.9525
 -10.050  -0.5987   0.01464  -0.00552  -0.1044   0.6575   0.0201  21.3762  93.9587
 -10.000  -0.5954   0.01454  -0.00546  -0.1042   0.6568   0.0202  21.4198  93.9645
  -9.950  -0.5921   0.01444  -0.00539  -0.1039   0.6560   0.0202  21.4646  93.9700
  -9.900  -0.5889   0.01433  -0.00533  -0.1036   0.6552   0.0202  21.5110  93.9752
  -9.850  -0.5857   0.01423  -0.00526  -0.1033   0.6543   0.0202  21.5591  93.9801
  -9.800  -0.5823   0.01413  -0.00520  -0.1030   0.6534   0.0202  21.6094  93.9848
  -9.750  -0.5789   0.01404  -0.00513  -0.1027   0.6525   0.0202  21.6624  93.9893
  -9.700  -0.5753   0.01395  -0.00506  -0.1025   0.6515   0.0203  21.7190  93.9935
  -9.650  -0.5718   0.01386  -0.00499  -0.1022   0.6504   0.0203  21.7794  93.9975
  -9.600  -0.5687   0.01376  -0.00493  -0.1019   0.6493   0.0203  21.8427  94.0082
  -9.550  -0.5661   0.01364  -0.00489  -0.1015   0.6482   0.0204  21.9060  94.0329
  -9.450  -0.5610   0.01339  -0.00480  -0.1007   0.6464   0.0206  22.0059  94.0827
  -9.400  -0.5582   0.01327  -0.00475  -0.1004   0.6462   0.0207  22.0216  94.1080
  -9.350  -0.5552   0.01316  -0.00470  -0.1000   0.6458   0.0207  22.0391  94.1339
  -9.300  -0.5520   0.01305  -0.00464  -0.0997   0.6455   0.0208  22.0584  94.1600
  -9.250  -0.5489   0.01295  -0.00459  -0.0994   0.6451   0.0209  22.0798  94.1859
  -9.200  -0.5458   0.01285  -0.00453  -0.0991   0.6447   0.0210  22.1035  94.2121
  -9.150  -0.5427   0.01275  -0.00448  -0.0987   0.6443   0.0211  22.1289  94.2368
  -9.100  -0.5396   0.01264  -0.00443  -0.0984   0.6438   0.0212  22.1565  94.2615
  -9.050  -0.5365   0.01254  -0.00438  -0.0981   0.6433   0.0213  22.1861  94.2857
  -9.000  -0.5333   0.01244  -0.00432  -0.0978   0.6427   0.0214  22.2176  94.3095
  -8.950  -0.5300   0.01235  -0.00426  -0.0974   0.6421   0.0215  22.2512  94.3335
  -8.900  -0.5267   0.01226  -0.00420  -0.0971   0.6415   0.0215  22.2862  94.3564
  -8.850  -0.5233   0.01217  -0.00415  -0.0968   0.6409   0.0216  22.3227  94.3787
  -8.800  -0.5200   0.01208  -0.00409  -0.0965   0.6402   0.0217  22.3607  94.4002
  -8.750  -0.5168   0.01200  -0.00404  -0.0962   0.6395   0.0218  22.3999  94.4210
  -8.700  -0.5136   0.01191  -0.00398  -0.0958   0.6388   0.0218  22.4406  94.4415
  -8.650  -0.5104   0.01182  -0.00393  -0.0955   0.6381   0.0219  22.4826  94.4616
  -8.600  -0.5071   0.01174  -0.00387  -0.0952   0.6373   0.0220  22.5258  94.4817
  -8.550  -0.5037   0.01166  -0.00381  -0.0948   0.6365   0.0221  22.5708  94.5017
  -8.500  -0.5003   0.01158  -0.00375  -0.0945   0.6357   0.0221  22.6179  94.5215
  -8.450  -0.4970   0.01150  -0.00370  -0.0942   0.6348   0.0222  22.6699  94.5412
  -8.400  -0.4937   0.01142  -0.00364  -0.0938   0.6339   0.0223  22.7240  94.5606
  -8.350  -0.4905   0.01134  -0.00359  -0.0935   0.6329   0.0223  22.7813  94.5800
  -8.300  -0.4872   0.01127  -0.00354  -0.0932   0.6318   0.0224  22.8405  94.5993
  -8.250  -0.4839   0.01119  -0.00348  -0.0928   0.6308   0.0225  22.8993  94.6189
  -8.150  -0.4771   0.01104  -0.00337  -0.0922   0.6290   0.0226  23.0014  94.6580
  -8.100  -0.4737   0.01097  -0.00331  -0.0918   0.6288   0.0227  23.0137  94.6775
  -8.050  -0.4703   0.01089  -0.00326  -0.0915   0.6286   0.0227  23.0270  94.6966
  -8.000  -0.4670   0.01081  -0.00320  -0.0912   0.6283   0.0228  23.0416  94.7155
  -7.950  -0.4635   0.01073  -0.00315  -0.0908   0.6280   0.0229  23.0573  94.7343
  -7.900  -0.4601   0.01066  -0.00309  -0.0905   0.6277   0.0230  23.0746  94.7530
  -7.850  -0.4567   0.01059  -0.00304  -0.0901   0.6274   0.0230  23.0927  94.7714
  -7.800  -0.4534   0.01052  -0.00299  -0.0898   0.6271   0.0231  23.1121  94.7896
  -7.750  -0.4501   0.01044  -0.00293  -0.0894   0.6267   0.0231  23.1329  94.8073
  -7.700  -0.4469   0.01037  -0.00288  -0.0891   0.6263   0.0232  23.1552  94.8251
  -7.650  -0.4436   0.01030  -0.00282  -0.0887   0.6259   0.0233  23.1785  94.8424
  -7.600  -0.4403   0.01023  -0.00277  -0.0883   0.6255   0.0233  23.2030  94.8592
  -7.550  -0.4372   0.01017  -0.00272  -0.0879   0.6251   0.0234  23.2287  94.8762
  -7.500  -0.4341   0.01010  -0.00266  -0.0875   0.6246   0.0235  23.2555  94.8929
  -7.450  -0.4311   0.01003  -0.00261  -0.0871   0.6241   0.0235  23.2833  94.9090
  -7.400  -0.4281   0.00997  -0.00255  -0.0866   0.6236   0.0236  23.3120  94.9240
  -7.350  -0.4254   0.00991  -0.00250  -0.0861   0.6231   0.0236  23.3414  94.9378
  -7.300  -0.4228   0.00984  -0.00244  -0.0856   0.6226   0.0237  23.3717  94.9504
  -7.250  -0.4204   0.00978  -0.00238  -0.0851   0.6220   0.0237  23.4028  94.9617
  -7.200  -0.4185   0.00972  -0.00232  -0.0844   0.6215   0.0237  23.4347  94.9716
  -7.150  -0.4174   0.00968  -0.00225  -0.0836   0.6209   0.0238  23.4675  94.9797
  -7.100  -0.4175   0.00964  -0.00218  -0.0826   0.6203   0.0238  23.5013  94.9860
  -7.050  -0.4172   0.00961  -0.00210  -0.0816   0.6197   0.0238  23.5360  94.9922
  -7.000  -0.4146   0.00958  -0.00204  -0.0811   0.6191   0.0238  23.5718  94.9995
  -6.950  -0.4111   0.00953  -0.00199  -0.0807   0.6184   0.0240  23.6092  95.0458
  -6.900  -0.4074   0.00948  -0.00194  -0.0804   0.6178   0.0242  23.6484  95.0979
  -6.850  -0.4035   0.00944  -0.00189  -0.0801   0.6170   0.0244  23.6898  95.1531
  -6.800  -0.3994   0.00940  -0.00185  -0.0798   0.6163   0.0247  23.7334  95.2105
  -6.750  -0.3953   0.00936  -0.00180  -0.0795   0.6155   0.0249  23.7789  95.2685
  -6.700  -0.3910   0.00932  -0.00175  -0.0793   0.6147   0.0251  23.8254  95.3256
  -6.650  -0.3866   0.00928  -0.00171  -0.0790   0.6139   0.0253  23.8716  95.3809
  -6.600  -0.3822   0.00924  -0.00166  -0.0788   0.6131   0.0255  23.9171  95.4338
  -6.550  -0.3777   0.00921  -0.00162  -0.0786   0.6123   0.0257  23.9599  95.4841
  -6.500  -0.3730   0.00917  -0.00157  -0.0784   0.6116   0.0259  24.0007  95.5329
  -6.450  -0.3682   0.00913  -0.00153  -0.0783   0.6115   0.0261  24.0093  95.5806
  -6.400  -0.3634   0.00909  -0.00149  -0.0781   0.6113   0.0263  24.0188  95.6277
  -6.350  -0.3585   0.00906  -0.00145  -0.0780   0.6111   0.0265  24.0292  95.6745
  -6.300  -0.3535   0.00902  -0.00141  -0.0779   0.6109   0.0267  24.0406  95.7206
  -6.250  -0.3485   0.00898  -0.00137  -0.0777   0.6107   0.0269  24.0530  95.7659
  -6.200  -0.3434   0.00895  -0.00133  -0.0776   0.6105   0.0270  24.0665  95.8098
  -6.150  -0.3383   0.00892  -0.00129  -0.0775   0.6102   0.0272  24.0811  95.8516
  -6.100  -0.3331   0.00888  -0.00126  -0.0774   0.6100   0.0273  24.0970  95.8908
  -6.050  -0.3279   0.00885  -0.00122  -0.0773   0.6097   0.0275  24.1146  95.9270
  -6.000  -0.3226   0.00882  -0.00118  -0.0773   0.6093   0.0276  24.1334  95.9586
  -5.950  -0.3173   0.00879  -0.00115  -0.0772   0.6090   0.0277  24.1530  95.9853
  -5.900  -0.3121   0.00876  -0.00111  -0.0771   0.6086   0.0280  24.1738  96.0401
  -5.850  -0.3070   0.00872  -0.00108  -0.0770   0.6083   0.0285  24.1957  96.1640
  -5.800  -0.3019   0.00869  -0.00105  -0.0769   0.6079   0.0291  24.2186  96.2936
  -5.750  -0.2967   0.00865  -0.00102  -0.0768   0.6075   0.0296  24.2426  96.4123
  -5.700  -0.2915   0.00861  -0.00099  -0.0767   0.6070   0.0300  24.2676  96.5200
  -5.650  -0.2863   0.00858  -0.00096  -0.0767   0.6066   0.0305  24.2933  96.6218
  -5.600  -0.2810   0.00855  -0.00094  -0.0766   0.6061   0.0309  24.3197  96.7225
  -5.550  -0.2756   0.00852  -0.00091  -0.0765   0.6057   0.0314  24.3468  96.8207
  -5.500  -0.2702   0.00849  -0.00088  -0.0765   0.6052   0.0318  24.3745  96.9130
  -5.450  -0.2648   0.00846  -0.00085  -0.0764   0.6047   0.0321  24.4028  96.9918
  -5.400  -0.2595   0.00843  -0.00083  -0.0764   0.6042   0.0331  24.4314  97.2028
  -5.350  -0.2543   0.00839  -0.00080  -0.0763   0.6037   0.0342  24.4604  97.4182
  -5.300  -0.2490   0.00836  -0.00078  -0.0762   0.6032   0.0351  24.4899  97.6105
  -5.250  -0.2437   0.00832  -0.00076  -0.0762   0.6027   0.0360  24.5199  97.7976
  -5.200  -0.2383   0.00829  -0.00073  -0.0761   0.6021   0.0369  24.5504  97.9778
  -5.150  -0.2331   0.00825  -0.00072  -0.0761   0.6016   0.0389  24.5819  98.3360
  -5.100  -0.2279   0.00821  -0.00070  -0.0760   0.6010   0.0407  24.6149  98.6781
  -5.050  -0.2226   0.00817  -0.00068  -0.0759   0.6004   0.0427  24.6495  99.0295
  -5.000  -0.2178   0.00811  -0.00067  -0.0758   0.5998   0.0465  24.6860  99.6481
  -4.950  -0.2130   0.00805  -0.00066  -0.0757   0.5991   0.0511  24.7242 100.3568
  -4.900  -0.2082   0.00798  -0.00065  -0.0755   0.5985   0.0567  24.7638 101.1465
  -4.850  -0.2036   0.00791  -0.00065  -0.0754   0.5978   0.0628  24.8040 101.9305
  -4.800  -0.1989   0.00784  -0.00065  -0.0753   0.5971   0.0695  24.8445 102.6933
  -4.750  -0.1939   0.00778  -0.00064  -0.0752   0.5964   0.0748  24.8849 103.2690
  -4.700  -0.1890   0.00771  -0.00063  -0.0751   0.5957   0.0806  24.9246 103.8486
  -4.650  -0.1839   0.00765  -0.00063  -0.0750   0.5950   0.0864  24.9631 104.3892
  -4.600  -0.1788   0.00759  -0.00062  -0.0749   0.5944   0.0920  25.0000 104.8992
  -4.550  -0.1738   0.00751  -0.00062  -0.0749   0.5943   0.0996  25.0068 105.5332
  -4.500  -0.1685   0.00745  -0.00062  -0.0748   0.5941   0.1061  25.0141 106.0565
  -4.450  -0.1637   0.00736  -0.00062  -0.0747   0.5940   0.1157  25.0221 106.7837
  -4.400  -0.1584   0.00729  -0.00062  -0.0747   0.5939   0.1233  25.0307 107.3319
  -4.350  -0.1532   0.00721  -0.00062  -0.0747   0.5937   0.1312  25.0399 107.8881
  -4.300  -0.1479   0.00714  -0.00062  -0.0746   0.5935   0.1393  25.0499 108.4338
  -4.250  -0.1425   0.00708  -0.00062  -0.0746   0.5934   0.1463  25.0606 108.9048
  -4.200  -0.1372   0.00701  -0.00062  -0.0746   0.5932   0.1545  25.0719 109.4302
  -4.150  -0.1317   0.00694  -0.00062  -0.0746   0.5930   0.1621  25.0840 109.9114
  -4.100  -0.1264   0.00686  -0.00062  -0.0746   0.5927   0.1718  25.0969 110.5125
  -4.050  -0.1209   0.00680  -0.00063  -0.0746   0.5925   0.1799  25.1105 111.0116
  -3.950  -0.1105   0.00662  -0.00064  -0.0746   0.5920   0.2031  25.1408 112.4097
  -3.900  -0.1050   0.00654  -0.00065  -0.0746   0.5917   0.2138  25.1578 113.0431
  -3.850  -0.0998   0.00644  -0.00066  -0.0746   0.5914   0.2268  25.1758 113.8105
  -3.800  -0.0946   0.00635  -0.00068  -0.0746   0.5911   0.2398  25.1947 114.5660
  -3.750  -0.0890   0.00627  -0.00068  -0.0746   0.5907   0.2512  25.2143 115.2252
  -3.700  -0.0836   0.00618  -0.00070  -0.0746   0.5904   0.2637  25.2346 115.9473
  -3.600  -0.0730   0.00598  -0.00073  -0.0747   0.5896   0.2934  25.2778 117.6547
  -3.550  -0.0676   0.00588  -0.00075  -0.0747   0.5893   0.3081  25.3007 118.4965
  -3.500  -0.0621   0.00578  -0.00077  -0.0748   0.5889   0.3231  25.3244 119.3574
  -3.450  -0.0566   0.00569  -0.00078  -0.0748   0.5884   0.3380  25.3488 120.2163
  -3.400  -0.0511   0.00559  -0.00080  -0.0749   0.5880   0.3538  25.3740 121.1268
  -3.350  -0.0456   0.00548  -0.00083  -0.0749   0.5876   0.3708  25.3999 122.1131
  -3.300  -0.0402   0.00536  -0.00085  -0.0750   0.5871   0.3882  25.4265 123.1354
  -3.250  -0.0347   0.00526  -0.00087  -0.0750   0.5866   0.4058  25.4538 124.1690
  -3.200  -0.0290   0.00516  -0.00089  -0.0751   0.5862   0.4222  25.4819 125.1476
  -3.150  -0.0232   0.00508  -0.00090  -0.0752   0.5857   0.4362  25.5108 125.9838
  -3.100  -0.0174   0.00501  -0.00090  -0.0753   0.5852   0.4482  25.5407 126.6992
  -3.050  -0.0112   0.00497  -0.00090  -0.0754   0.5846   0.4558  25.5717 127.1545
  -3.000  -0.0052   0.00492  -0.00089  -0.0755   0.5841   0.4641  25.6039 127.6535
  -2.950   0.0011   0.00490  -0.00088  -0.0756   0.5835   0.4690  25.6377 127.9498
  -2.900   0.0073   0.00488  -0.00088  -0.0757   0.5829   0.4743  25.6730 128.2620
  -2.850   0.0135   0.00485  -0.00087  -0.0758   0.5823   0.4797  25.7095 128.5857
  -2.800   0.0197   0.00484  -0.00086  -0.0760   0.5816   0.4838  25.7471 128.8308
  -2.750   0.0261   0.00483  -0.00084  -0.0761   0.5810   0.4866  25.7852 128.9970
  -2.700   0.0323   0.00481  -0.00084  -0.0762   0.5803   0.4918  25.8233 129.3086
  -2.650   0.0385   0.00478  -0.00083  -0.0763   0.5797   0.4962  25.8612 129.5702
  -2.600   0.0448   0.00478  -0.00082  -0.0764   0.5790   0.4994  25.8988 129.7628
  -2.550   0.0512   0.00477  -0.00080  -0.0766   0.5784   0.5017  25.9359 129.8958
  -2.500   0.0575   0.00477  -0.00079  -0.0767   0.5778   0.5032  25.9714 129.9865
  -2.450   0.0638   0.00476  -0.00078  -0.0768   0.5773   0.5063  26.0011 130.1672
  -2.400   0.0702   0.00474  -0.00078  -0.0770   0.5772   0.5096  26.0074 130.3647
  -2.350   0.0767   0.00473  -0.00077  -0.0771   0.5771   0.5126  26.0141 130.5398
  -2.300   0.0831   0.00472  -0.00076  -0.0773   0.5770   0.5151  26.0215 130.6919
  -2.250   0.0896   0.00471  -0.00075  -0.0774   0.5768   0.5171  26.0294 130.8095
  -2.200   0.0960   0.00471  -0.00074  -0.0776   0.5767   0.5185  26.0378 130.8913
  -2.150   0.1025   0.00471  -0.00073  -0.0777   0.5765   0.5194  26.0469 130.9439
  -2.100   0.1090   0.00471  -0.00072  -0.0779   0.5764   0.5201  26.0567 130.9825
  -2.050   0.1155   0.00470  -0.00072  -0.0780   0.5762   0.5211  26.0670 131.0414
  -2.000   0.1220   0.00469  -0.00071  -0.0781   0.5760   0.5231  26.0780 131.1621
  -1.950   0.1284   0.00468  -0.00070  -0.0783   0.5758   0.5253  26.0896 131.2875
  -1.900   0.1348   0.00467  -0.00070  -0.0784   0.5756   0.5273  26.1021 131.4088
  -1.850   0.1413   0.00466  -0.00069  -0.0786   0.5754   0.5294  26.1152 131.5285
  -1.800   0.1477   0.00466  -0.00068  -0.0787   0.5751   0.5313  26.1292 131.6399
  -1.750   0.1542   0.00465  -0.00068  -0.0789   0.5749   0.5330  26.1440 131.7414
  -1.700   0.1606   0.00465  -0.00067  -0.0790   0.5746   0.5345  26.1599 131.8280
  -1.650   0.1671   0.00465  -0.00066  -0.0792   0.5743   0.5357  26.1770 131.8955
  -1.600   0.1735   0.00465  -0.00065  -0.0793   0.5740   0.5365  26.1953 131.9431
  -1.550   0.1800   0.00466  -0.00065  -0.0795   0.5737   0.5370  26.2145 131.9755
  -1.500   0.1865   0.00466  -0.00064  -0.0796   0.5734   0.5375  26.2344 132.0019
  -1.450   0.1929   0.00465  -0.00064  -0.0797   0.5730   0.5394  26.2550 132.1150
  -1.400   0.1993   0.00465  -0.00064  -0.0799   0.5727   0.5415  26.2763 132.2332
  -1.350   0.2057   0.00464  -0.00063  -0.0800   0.5723   0.5434  26.2984 132.3431
  -1.300   0.2121   0.00464  -0.00063  -0.0802   0.5719   0.5449  26.3212 132.4335
  -1.250   0.2185   0.00463  -0.00062  -0.0803   0.5715   0.5464  26.3445 132.5160
  -1.200   0.2249   0.00463  -0.00062  -0.0804   0.5711   0.5476  26.3687 132.5872
  -1.150   0.2313   0.00463  -0.00061  -0.0806   0.5707   0.5487  26.3935 132.6493
  -1.100   0.2377   0.00463  -0.00061  -0.0807   0.5703   0.5496  26.4189 132.7032
  -1.050   0.2441   0.00464  -0.00060  -0.0809   0.5698   0.5504  26.4448 132.7495
  -1.000   0.2504   0.00464  -0.00060  -0.0810   0.5694   0.5510  26.4712 132.7866
  -0.950   0.2568   0.00464  -0.00060  -0.0811   0.5689   0.5516  26.4982 132.8182
  -0.900   0.2632   0.00465  -0.00060  -0.0812   0.5685   0.5520  26.5258 132.8448
  -0.850   0.2696   0.00466  -0.00059  -0.0814   0.5680   0.5524  26.5541 132.8679
  -0.800   0.2760   0.00466  -0.00059  -0.0815   0.5675   0.5528  26.5840 132.8892
  -0.750   0.2824   0.00467  -0.00059  -0.0816   0.5670   0.5531  26.6134 132.9056
  -0.700   0.2887   0.00467  -0.00059  -0.0818   0.5665   0.5533  26.6444 132.9207
  -0.650   0.2951   0.00468  -0.00059  -0.0819   0.5659   0.5536  26.6763 132.9338
  -0.600   0.3015   0.00469  -0.00058  -0.0820   0.5654   0.5538  26.7092 132.9455
  -0.550   0.3078   0.00469  -0.00058  -0.0822   0.5648   0.5540  26.7434 132.9562
  -0.500   0.3142   0.00470  -0.00058  -0.0823   0.5642   0.5541  26.7788 132.9658
  -0.450   0.3205   0.00471  -0.00058  -0.0824   0.5636   0.5543  26.8151 132.9745
  -0.400   0.3268   0.00472  -0.00058  -0.0825   0.5630   0.5544  26.8518 132.9825
  -0.350   0.3332   0.00472  -0.00058  -0.0827   0.5623   0.5545  26.8885 132.9898
  -0.300   0.3395   0.00473  -0.00058  -0.0828   0.5617   0.5547  26.9257 132.9966
  -0.250   0.3458   0.00474  -0.00058  -0.0829   0.5611   0.5550  26.9604 133.0166
  -0.200   0.3521   0.00474  -0.00058  -0.0830   0.5605   0.5556  26.9952 133.0516
  -0.150   0.3586   0.00474  -0.00058  -0.0832   0.5604   0.5563  27.0054 133.0892
  -0.100   0.3650   0.00474  -0.00059  -0.0833   0.5602   0.5569  27.0121 133.1260
  -0.050   0.3715   0.00473  -0.00059  -0.0835   0.5601   0.5576  27.0194 133.1627
   0.000   0.3780   0.00473  -0.00059  -0.0836   0.5600   0.5582  27.0273 133.1977
   0.000   0.3780   0.00473  -0.00059  -0.0836   0.5600   0.5582  27.0273 133.1985
   0.050   0.3844   0.00473  -0.00060  -0.0838   0.5598   0.5588  27.0359 133.2348
   0.100   0.3909   0.00473  -0.00060  -0.0839   0.5597   0.5595  27.0452 133.2703
   0.150   0.3973   0.00473  -0.00060  -0.0841   0.5595   0.5601  27.0553 133.3049
   0.200   0.4038   0.00473  -0.00061  -0.0842   0.5593   0.5606  27.0661 133.3383
   0.250   0.4102   0.00472  -0.00061  -0.0844   0.5592   0.5612  27.0778 133.3705
   0.300   0.4167   0.00472  -0.00062  -0.0845   0.5589   0.5617  27.0902 133.4013
   0.350   0.4231   0.00472  -0.00062  -0.0847   0.5587   0.5623  27.1034 133.4310
   0.400   0.4296   0.00472  -0.00063  -0.0848   0.5585   0.5628  27.1174 133.4596
   0.450   0.4360   0.00472  -0.00063  -0.0850   0.5582   0.5633  27.1322 133.4873
   0.500   0.4425   0.00472  -0.00064  -0.0851   0.5580   0.5637  27.1478 133.5141
   0.550   0.4489   0.00472  -0.00064  -0.0853   0.5577   0.5642  27.1642 133.5401
   0.600   0.4553   0.00473  -0.00065  -0.0854   0.5574   0.5646  27.1816 133.5653
   0.650   0.4617   0.00473  -0.00065  -0.0855   0.5571   0.5651  27.2002 133.5899
   0.700   0.4681   0.00473  -0.00066  -0.0857   0.5568   0.5655  27.2197 133.6137
   0.750   0.4745   0.00473  -0.00066  -0.0858   0.5565   0.5659  27.2398 133.6369
   0.800   0.4809   0.00474  -0.00067  -0.0859   0.5561   0.5663  27.2601 133.6593
   0.850   0.4873   0.00474  -0.00068  -0.0861   0.5558   0.5667  27.2807 133.6812
   0.900   0.4937   0.00474  -0.00068  -0.0862   0.5554   0.5670  27.3016 133.7023
   0.950   0.5001   0.00475  -0.00069  -0.0864   0.5551   0.5674  27.3228 133.7228
   1.000   0.5065   0.00475  -0.00070  -0.0865   0.5547   0.5677  27.3448 133.7426
   1.050   0.5128   0.00475  -0.00071  -0.0866   0.5543   0.5681  27.3673 133.7617
   1.100   0.5192   0.00476  -0.00071  -0.0867   0.5539   0.5684  27.3905 133.7801
   1.150   0.5256   0.00477  -0.00072  -0.0869   0.5535   0.5687  27.4145 133.7976
   1.200   0.5319   0.00477  -0.00073  -0.0870   0.5531   0.5690  27.4393 133.8140
   1.250   0.5383   0.00478  -0.00074  -0.0871   0.5527   0.5692  27.4654 133.8295
   1.300   0.5446   0.00478  -0.00075  -0.0872   0.5522   0.5695  27.4928 133.8442
   1.350   0.5509   0.00479  -0.00076  -0.0874   0.5517   0.5698  27.5222 133.8584
   1.400   0.5572   0.00480  -0.00076  -0.0875   0.5512   0.5700  27.5540 133.8719
   1.450   0.5635   0.00481  -0.00077  -0.0876   0.5506   0.5702  27.5882 133.8849
   1.500   0.5698   0.00482  -0.00078  -0.0877   0.5500   0.5704  27.6263 133.8972
   1.550   0.5760   0.00483  -0.00079  -0.0878   0.5493   0.5706  27.6681 133.9090
   1.600   0.5823   0.00484  -0.00080  -0.0879   0.5485   0.5708  27.7142 133.9202
   1.650   0.5885   0.00485  -0.00081  -0.0880   0.5477   0.5710  27.7649 133.9312
   1.700   0.5947   0.00486  -0.00082  -0.0881   0.5468   0.5712  27.8196 133.9415
   1.750   0.6008   0.00487  -0.00083  -0.0882   0.5458   0.5714  27.8771 133.9513
   1.800   0.6070   0.00489  -0.00084  -0.0883   0.5448   0.5715  27.9359 133.9606
   1.850   0.6131   0.00490  -0.00085  -0.0884   0.5439   0.5717  27.9935 133.9693
   1.900   0.6196   0.00490  -0.00086  -0.0885   0.5436   0.5718  28.0100 133.9774
   1.950   0.6260   0.00491  -0.00088  -0.0886   0.5434   0.5720  28.0227 133.9851
   2.000   0.6325   0.00491  -0.00089  -0.0888   0.5431   0.5721  28.0375 133.9921
   2.050   0.6390   0.00491  -0.00091  -0.0889   0.5429   0.5722  28.0548 133.9986
   2.100   0.6454   0.00491  -0.00093  -0.0891   0.5425   0.5727  28.0742 134.0289
   2.150   0.6518   0.00491  -0.00094  -0.0892   0.5422   0.5734  28.0969 134.0664
   2.200   0.6582   0.00491  -0.00096  -0.0893   0.5417   0.5741  28.1233 134.1067
   2.250   0.6646   0.00491  -0.00098  -0.0895   0.5412   0.5748  28.1523 134.1465
   2.300   0.6710   0.00491  -0.00100  -0.0896   0.5407   0.5755  28.1851 134.1862
   2.350   0.6774   0.00492  -0.00101  -0.0897   0.5401   0.5762  28.2226 134.2253
   2.400   0.6837   0.00492  -0.00103  -0.0899   0.5394   0.5769  28.2619 134.2632
   2.450   0.6900   0.00492  -0.00105  -0.0900   0.5388   0.5776  28.3035 134.2995
   2.500   0.6963   0.00493  -0.00107  -0.0901   0.5380   0.5782  28.3496 134.3339
   2.550   0.7025   0.00494  -0.00109  -0.0902   0.5372   0.5788  28.3984 134.3664
   2.600   0.7087   0.00494  -0.00110  -0.0903   0.5363   0.5793  28.4525 134.3972
   2.650   0.7149   0.00495  -0.00112  -0.0904   0.5353   0.5798  28.5126 134.4265
   2.700   0.7210   0.00497  -0.00114  -0.0904   0.5342   0.5803  28.5786 134.4545
   2.750   0.7271   0.00498  -0.00116  -0.0905   0.5330   0.5808  28.6525 134.4812
   2.800   0.7331   0.00500  -0.00118  -0.0906   0.5315   0.5813  28.7400 134.5069
   2.850   0.7391   0.00501  -0.00120  -0.0906   0.5299   0.5817  28.8389 134.5317
   2.900   0.7451   0.00503  -0.00121  -0.0907   0.5282   0.5821  28.9402 134.5560
   2.950   0.7512   0.00504  -0.00123  -0.0907   0.5271   0.5826  29.0086 134.5797
   3.000   0.7576   0.00504  -0.00126  -0.0909   0.5267   0.5830  29.0354 134.6029
   3.050   0.7640   0.00505  -0.00128  -0.0910   0.5261   0.5834  29.0686 134.6256
   3.100   0.7704   0.00505  -0.00131  -0.0911   0.5255   0.5838  29.1076 134.6478
   3.150   0.7767   0.00506  -0.00133  -0.0912   0.5247   0.5841  29.1524 134.6695
   3.200   0.7830   0.00506  -0.00136  -0.0913   0.5239   0.5845  29.2011 134.6907
   3.250   0.7892   0.00507  -0.00138  -0.0914   0.5231   0.5849  29.2526 134.7114
   3.300   0.7955   0.00508  -0.00141  -0.0915   0.5222   0.5853  29.3043 134.7316
   3.350   0.8016   0.00509  -0.00143  -0.0916   0.5213   0.5856  29.3649 134.7514
   3.400   0.8078   0.00510  -0.00146  -0.0917   0.5202   0.5859  29.4268 134.7707
   3.450   0.8138   0.00512  -0.00149  -0.0917   0.5190   0.5863  29.5011 134.7893
   3.500   0.8198   0.00513  -0.00151  -0.0918   0.5176   0.5866  29.5885 134.8073
   3.550   0.8256   0.00516  -0.00154  -0.0918   0.5158   0.5869  29.6964 134.8246
   3.600   0.8314   0.00518  -0.00156  -0.0918   0.5137   0.5872  29.8269 134.8408
   3.650   0.8372   0.00521  -0.00159  -0.0918   0.5114   0.5875  29.9637 134.8560
   3.700   0.8434   0.00522  -0.00161  -0.0919   0.5104   0.5877  30.0293 134.8705
   3.750   0.8496   0.00523  -0.00165  -0.0920   0.5095   0.5880  30.0819 134.8843
   3.800   0.8558   0.00524  -0.00168  -0.0921   0.5085   0.5882  30.1424 134.8977
   3.850   0.8620   0.00525  -0.00171  -0.0922   0.5073   0.5884  30.2150 134.9104
   3.900   0.8681   0.00526  -0.00174  -0.0922   0.5060   0.5886  30.2965 134.9225
   3.950   0.8740   0.00528  -0.00177  -0.0923   0.5043   0.5889  30.4004 134.9342
   4.000   0.8798   0.00530  -0.00180  -0.0923   0.5023   0.5891  30.5271 134.9451
   4.050   0.8853   0.00534  -0.00183  -0.0922   0.4998   0.5892  30.6772 134.9555
   4.100   0.8907   0.00538  -0.00186  -0.0921   0.4965   0.5894  30.8772 134.9651
   4.150   0.8964   0.00540  -0.00189  -0.0921   0.4939   0.5896  31.0404 134.9740
   4.200   0.9023   0.00542  -0.00192  -0.0921   0.4917   0.5897  31.1754 134.9823
   4.250   0.9078   0.00545  -0.00196  -0.0921   0.4883   0.5898  31.3828 134.9900
   4.300   0.9128   0.00550  -0.00198  -0.0920   0.4841   0.5900  31.6462 134.9969
   4.350   0.9175   0.00556  -0.00200  -0.0918   0.4794   0.5904  31.9353 135.0202
   4.400   0.9232   0.00558  -0.00204  -0.0918   0.4768   0.5911  32.0965 135.0596
   4.450   0.9288   0.00561  -0.00207  -0.0917   0.4737   0.5918  32.2860 135.1005
   4.500   0.9337   0.00565  -0.00210  -0.0916   0.4690   0.5926  32.5801 135.1420
   4.550   0.9378   0.00573  -0.00212  -0.0912   0.4631   0.5933  32.9399 135.1831
   4.600   0.9429   0.00577  -0.00215  -0.0911   0.4587   0.5941  33.2132 135.2242
   4.650   0.9469   0.00584  -0.00217  -0.0908   0.4519   0.5948  33.6399 135.2642
   4.700   0.9505   0.00592  -0.00218  -0.0904   0.4447   0.5955  34.0850 135.3021
   4.750   0.9543   0.00600  -0.00219  -0.0901   0.4371   0.5961  34.5549 135.3389
   4.800   0.9572   0.00610  -0.00220  -0.0895   0.4289   0.5968  35.0636 135.3733
   4.850   0.9606   0.00619  -0.00221  -0.0891   0.4208   0.5974  35.5586 135.4062
   4.900   0.9629   0.00630  -0.00221  -0.0884   0.4117   0.5979  36.1205 135.4371
   4.950   0.9655   0.00640  -0.00221  -0.0879   0.4028   0.5985  36.6667 135.4666
   5.000   0.9675   0.00652  -0.00221  -0.0872   0.3936   0.5990  37.2316 135.4946
   5.050   0.9693   0.00664  -0.00221  -0.0864   0.3844   0.5994  37.7987 135.5217
   5.100   0.9714   0.00675  -0.00221  -0.0858   0.3757   0.5999  38.3225 135.5480
   5.150   0.9721   0.00688  -0.00220  -0.0848   0.3659   0.6004  38.9216 135.5735
   5.200   0.9744   0.00698  -0.00221  -0.0842   0.3579   0.6008  39.4026 135.5985
   5.250   0.9748   0.00711  -0.00220  -0.0832   0.3488   0.6013  39.9504 135.6229
   5.300   0.9770   0.00720  -0.00222  -0.0825   0.3417   0.6017  40.3785 135.6469
   5.350   0.9764   0.00731  -0.00223  -0.0813   0.3343   0.6021  40.8236 135.6702
   5.400   0.9765   0.00738  -0.00225  -0.0802   0.3282   0.6025  41.1927 135.6929
   5.450   0.9765   0.00745  -0.00228  -0.0791   0.3221   0.6029  41.5590 135.7154
   5.500   0.9753   0.00756  -0.00229  -0.0778   0.3152   0.6033  41.9711 135.7368
   5.600   0.9751   0.00777  -0.00233  -0.0756   0.3027   0.6041  42.7286 135.7784
   5.650   0.9749   0.00789  -0.00234  -0.0745   0.2960   0.6044  43.1294 135.7980
   5.700   0.9751   0.00800  -0.00236  -0.0734   0.2899   0.6048  43.5006 135.8172
   5.750   0.9737   0.00814  -0.00237  -0.0721   0.2830   0.6051  43.9156 135.8356
   5.850   0.9739   0.00838  -0.00240  -0.0701   0.2709   0.6057  44.6459 135.8704
   5.900   0.9733   0.00851  -0.00241  -0.0690   0.2644   0.6060  45.0401 135.8860
   5.950   0.9742   0.00862  -0.00243  -0.0681   0.2591   0.6063  45.3624 135.9008
   6.000   0.9729   0.00878  -0.00243  -0.0669   0.2528   0.6065  45.7457 135.9146
   6.050   0.9731   0.00891  -0.00244  -0.0659   0.2467   0.6068  46.1227 135.9276
   6.100   0.9733   0.00904  -0.00245  -0.0650   0.2409   0.6070  46.4757 135.9397
   6.150   0.9715   0.00922  -0.00244  -0.0637   0.2344   0.6072  46.8751 135.9511
   6.200   0.9720   0.00935  -0.00245  -0.0628   0.2284   0.6074  47.2483 135.9618
   6.250   0.9711   0.00952  -0.00244  -0.0617   0.2221   0.6076  47.6355 135.9716
   6.300   0.9699   0.00970  -0.00243  -0.0606   0.2156   0.6077  48.0445 135.9807
   6.350   0.9702   0.00985  -0.00244  -0.0597   0.2099   0.6079  48.4016 135.9891
   6.400   0.9684   0.01005  -0.00241  -0.0585   0.2033   0.6080  48.8162 135.9968
   6.450   0.9683   0.01021  -0.00240  -0.0576   0.1974   0.6085  49.1869 136.0215
   6.500   0.9678   0.01039  -0.00239  -0.0567   0.1917   0.6092  49.5546 136.0622
   6.550   0.9667   0.01059  -0.00236  -0.0556   0.1850   0.6100  49.9789 136.1044
   6.650   0.9662   0.01095  -0.00233  -0.0538   0.1747   0.6116  50.6501 136.1916
   6.700   0.9658   0.01115  -0.00231  -0.0529   0.1687   0.6124  51.0473 136.2362
   6.750   0.9668   0.01130  -0.00230  -0.0522   0.1642   0.6132  51.3481 136.2804
   6.800   0.9656   0.01153  -0.00226  -0.0512   0.1590   0.6140  51.6946 136.3228
   6.850   0.9656   0.01172  -0.00223  -0.0504   0.1538   0.6147  52.0464 136.3644
   6.950   0.9669   0.01207  -0.00219  -0.0489   0.1452   0.6161  52.6404 136.4398
   7.000   0.9667   0.01228  -0.00216  -0.0481   0.1403   0.6168  52.9818 136.4754
   7.050   0.9683   0.01244  -0.00215  -0.0475   0.1372   0.6174  53.1992 136.5102
   7.100   0.9690   0.01262  -0.00213  -0.0468   0.1334   0.6180  53.4786 136.5434
   7.150   0.9687   0.01285  -0.00208  -0.0460   0.1287   0.6186  53.8175 136.5758
   7.200   0.9702   0.01302  -0.00207  -0.0455   0.1246   0.6192  54.1168 136.6078
   7.250   0.9711   0.01321  -0.00204  -0.0448   0.1212   0.6197  54.3809 136.6383
   7.300   0.9702   0.01346  -0.00198  -0.0439   0.1167   0.6203  54.7192 136.6682
   7.350   0.9708   0.01367  -0.00194  -0.0433   0.1122   0.6208  55.0675 136.6975
   7.400   0.9721   0.01385  -0.00192  -0.0427   0.1087   0.6213  55.3536 136.7255
   7.450   0.9716   0.01411  -0.00185  -0.0419   0.1040   0.6218  55.7306 136.7524
   7.500   0.9718   0.01434  -0.00180  -0.0412   0.0999   0.6223  56.0756 136.7787
   7.550   0.9728   0.01454  -0.00176  -0.0406   0.0966   0.6228  56.3615 136.8035
   7.600   0.9723   0.01481  -0.00169  -0.0399   0.0923   0.6232  56.7374 136.8269
   7.650   0.9733   0.01502  -0.00165  -0.0393   0.0883   0.6236  57.0994 136.8494
   7.700   0.9747   0.01521  -0.00162  -0.0388   0.0851   0.6240  57.3990 136.8703
   7.750   0.9742   0.01549  -0.00153  -0.0380   0.0816   0.6243  57.7411 136.8897
   7.800   0.9749   0.01572  -0.00148  -0.0374   0.0781   0.6247  58.0772 136.9086
   7.850   0.9765   0.01591  -0.00145  -0.0369   0.0755   0.6250  58.3506 136.9259
   7.900   0.9767   0.01616  -0.00138  -0.0363   0.0720   0.6253  58.7207 136.9415
   7.950   0.9780   0.01637  -0.00134  -0.0358   0.0687   0.6255  59.0822 136.9560
   8.000   0.9795   0.01658  -0.00130  -0.0353   0.0661   0.6258  59.3909 136.9691
   8.050   0.9789   0.01688  -0.00120  -0.0346   0.0626   0.6260  59.7931 136.9809
   8.100   0.9798   0.01712  -0.00114  -0.0340   0.0595   0.6262  60.1838 136.9918
   8.200   0.9806   0.01763  -0.00099  -0.0329   0.0522   0.6273  61.1637 137.0532
   8.250   0.9810   0.01789  -0.00091  -0.0323   0.0485   0.6282  61.7179 137.1017
   8.350   0.9808   0.01848  -0.00071  -0.0310   0.0419   0.6301  62.7981 137.2015
   8.400   0.9817   0.01873  -0.00064  -0.0305   0.0390   0.6310  63.3045 137.2534
   8.450   0.9823   0.01898  -0.00056  -0.0300   0.0363   0.6319  63.8299 137.3011
   8.500   0.9841   0.01919  -0.00051  -0.0296   0.0342   0.6327  64.2387 137.3470
   8.550   0.9860   0.01939  -0.00048  -0.0292   0.0326   0.6335  64.5869 137.3893
   8.600   0.9874   0.01963  -0.00042  -0.0288   0.0309   0.6343  64.9353 137.4300
   8.650   0.9896   0.01983  -0.00038  -0.0284   0.0300   0.6350  65.1586 137.4700
   8.700   0.9918   0.02003  -0.00034  -0.0281   0.0291   0.6357  65.3509 137.5079
   8.750   0.9940   0.02023  -0.00030  -0.0277   0.0283   0.6364  65.5462 137.5447
   8.800   0.9962   0.02043  -0.00027  -0.0274   0.0274   0.6371  65.7529 137.5806
   8.850   0.9986   0.02062  -0.00024  -0.0271   0.0265   0.6377  65.9853 137.6163
   8.900   1.0016   0.02078  -0.00023  -0.0268   0.0260   0.6383  66.1030 137.6504
   8.950   1.0047   0.02094  -0.00023  -0.0266   0.0256   0.6390  66.2222 137.6837
   9.000   1.0076   0.02111  -0.00022  -0.0263   0.0251   0.6395  66.3462 137.7162
   9.050   1.0105   0.02128  -0.00021  -0.0261   0.0246   0.6401  66.4721 137.7474
   9.100   1.0128   0.02149  -0.00018  -0.0257   0.0241   0.6407  66.5963 137.7773
   9.150   1.0150   0.02170  -0.00013  -0.0254   0.0236   0.6412  66.7266 137.8060
   9.200   1.0173   0.02191  -0.00010  -0.0251   0.0231   0.6417  66.8742 137.8334
   9.250   1.0200   0.02210  -0.00007  -0.0249   0.0226   0.6422  67.0081 137.8600
   9.300   1.0231   0.02227  -0.00007  -0.0246   0.0224   0.6426  67.0668 137.8841
   9.350   1.0262   0.02244  -0.00007  -0.0244   0.0221   0.6431  67.1353 137.9069
   9.400   1.0293   0.02261  -0.00006  -0.0242   0.0219   0.6435  67.2115 137.9281
   9.450   1.0323   0.02278  -0.00006  -0.0239   0.0216   0.6438  67.2930 137.9476
   9.500   1.0354   0.02295  -0.00006  -0.0237   0.0213   0.6441  67.3793 137.9655
   9.550   1.0384   0.02312  -0.00005  -0.0235   0.0210   0.6444  67.4694 137.9818
   9.600   1.0411   0.02331  -0.00004  -0.0232   0.0207   0.6447  67.5616 137.9965
   9.700   1.0458   0.02375   0.00004  -0.0227   0.0200   0.6467  67.7622 138.1013
   9.750   1.0481   0.02396   0.00008  -0.0224   0.0196   0.6478  67.8778 138.1617
   9.800   1.0507   0.02417   0.00011  -0.0221   0.0192   0.6490  67.9954 138.2273
   9.850   1.0538   0.02434   0.00011  -0.0219   0.0191   0.6501  68.0320 138.2878
   9.900   1.0570   0.02452   0.00011  -0.0217   0.0190   0.6512  68.0738 138.3452
   9.950   1.0601   0.02469   0.00011  -0.0215   0.0188   0.6522  68.1222 138.3995
  10.000   1.0633   0.02486   0.00010  -0.0213   0.0186   0.6532  68.1763 138.4511
  10.050   1.0664   0.02504   0.00010  -0.0211   0.0185   0.6541  68.2347 138.5005
  10.100   1.0695   0.02521   0.00010  -0.0209   0.0183   0.6550  68.2957 138.5483
  10.150   1.0725   0.02539   0.00010  -0.0207   0.0181   0.6558  68.3579 138.5946
  10.200   1.0753   0.02559   0.00012  -0.0205   0.0179   0.6567  68.4187 138.6400
  10.250   1.0778   0.02582   0.00015  -0.0202   0.0177   0.6575  68.4787 138.6820
  10.300   1.0803   0.02604   0.00019  -0.0200   0.0175   0.6582  68.5393 138.7231
  10.350   1.0828   0.02627   0.00022  -0.0197   0.0173   0.6590  68.6032 138.7624
  10.400   1.0854   0.02649   0.00025  -0.0195   0.0171   0.6597  68.6719 138.7998
  10.450   1.0881   0.02670   0.00027  -0.0193   0.0169   0.6603  68.7468 138.8347
  10.500   1.0908   0.02690   0.00028  -0.0191   0.0166   0.6609  68.8269 138.8672
  10.550   1.0936   0.02711   0.00029  -0.0188   0.0164   0.6615  68.9091 138.8970
  10.600   1.0964   0.02732   0.00031  -0.0186   0.0162   0.6620  68.9872 138.9244
  10.650   1.0996   0.02750   0.00030  -0.0184   0.0161   0.6624  69.0151 138.9493
  10.700   1.1028   0.02768   0.00029  -0.0183   0.0160   0.6629  69.0364 138.9714
  10.750   1.1061   0.02786   0.00028  -0.0181   0.0160   0.6632  69.0602 138.9913
  10.850   1.1118   0.02828   0.00030  -0.0177   0.0158   0.6652  69.1147 139.0987
  10.900   1.1144   0.02851   0.00033  -0.0175   0.0157   0.6666  69.1446 139.1684
  10.950   1.1170   0.02873   0.00035  -0.0173   0.0156   0.6678  69.1766 139.2344
  11.000   1.1197   0.02895   0.00037  -0.0171   0.0155   0.6690  69.2108 139.2990
  11.050   1.1226   0.02916   0.00038  -0.0169   0.0154   0.6701  69.2468 139.3588
  11.100   1.1255   0.02937   0.00039  -0.0167   0.0153   0.6712  69.2844 139.4144
  11.150   1.1284   0.02958   0.00039  -0.0165   0.0152   0.6722  69.3230 139.4672
  11.200   1.1314   0.02978   0.00039  -0.0163   0.0151   0.6731  69.3625 139.5179
  11.250   1.1343   0.02999   0.00039  -0.0162   0.0150   0.6740  69.4026 139.5670
  11.300   1.1373   0.03020   0.00039  -0.0160   0.0149   0.6749  69.4433 139.6144
  11.350   1.1403   0.03040   0.00039  -0.0158   0.0148   0.6758  69.4846 139.6601
  11.400   1.1432   0.03061   0.00039  -0.0156   0.0147   0.6766  69.5266 139.7040
  11.450   1.1460   0.03083   0.00040  -0.0154   0.0145   0.6774  69.5689 139.7473
  11.500   1.1484   0.03109   0.00043  -0.0152   0.0144   0.6782  69.6115 139.7867
  11.550   1.1507   0.03135   0.00048  -0.0150   0.0143   0.6789  69.6553 139.8237
  11.600   1.1530   0.03161   0.00052  -0.0148   0.0142   0.6795  69.7015 139.8582
  11.650   1.1555   0.03187   0.00056  -0.0146   0.0140   0.6801  69.7501 139.8889
  11.700   1.1580   0.03212   0.00058  -0.0144   0.0139   0.6807  69.8012 139.9193
  11.750   1.1606   0.03236   0.00061  -0.0142   0.0138   0.6812  69.8538 139.9459
  11.800   1.1631   0.03260   0.00063  -0.0140   0.0136   0.6816  69.9066 139.9697
  11.850   1.1657   0.03285   0.00065  -0.0138   0.0135   0.6820  69.9585 139.9910
  11.950   1.1715   0.03329   0.00065  -0.0135   0.0133   0.6842  70.0121 140.1048
  12.000   1.1746   0.03350   0.00063  -0.0133   0.0133   0.6856  70.0237 140.1782
  12.050   1.1777   0.03371   0.00062  -0.0132   0.0133   0.6869  70.0365 140.2476
  12.100   1.1807   0.03392   0.00061  -0.0130   0.0132   0.6882  70.0503 140.3164
  12.150   1.1834   0.03416   0.00062  -0.0129   0.0132   0.6894  70.0648 140.3782
  12.200   1.1859   0.03443   0.00066  -0.0127   0.0132   0.6905  70.0799 140.4363
  12.250   1.1883   0.03469   0.00069  -0.0125   0.0131   0.6915  70.0958 140.4925
  12.300   1.1909   0.03495   0.00072  -0.0124   0.0131   0.6926  70.1129 140.5473
  12.350   1.1935   0.03520   0.00074  -0.0122   0.0130   0.6936  70.1309 140.6008
  12.400   1.1963   0.03544   0.00074  -0.0120   0.0130   0.6946  70.1499 140.6530
  12.450   1.1991   0.03568   0.00075  -0.0119   0.0129   0.6955  70.1699 140.7022
  12.500   1.2020   0.03592   0.00074  -0.0117   0.0129   0.6964  70.1904 140.7514
  12.550   1.2049   0.03615   0.00074  -0.0116   0.0128   0.6973  70.2116 140.7969
  12.600   1.2079   0.03638   0.00073  -0.0115   0.0128   0.6981  70.2334 140.8393
  12.650   1.2108   0.03662   0.00072  -0.0113   0.0127   0.6989  70.2558 140.8784
  12.700   1.2137   0.03685   0.00071  -0.0112   0.0127   0.6995  70.2788 140.9140
  12.750   1.2166   0.03709   0.00070  -0.0110   0.0126   0.7001  70.3022 140.9460
  12.800   1.2195   0.03733   0.00069  -0.0109   0.0125   0.7007  70.3258 140.9744
  12.850   1.2222   0.03759   0.00071  -0.0107   0.0125   0.7011  70.3489 140.9992
  12.900   1.2244   0.03788   0.00075  -0.0106   0.0124   0.7025  70.3713 141.0728
  12.950   1.2266   0.03818   0.00080  -0.0104   0.0124   0.7041  70.3934 141.1542
  13.000   1.2289   0.03847   0.00085  -0.0103   0.0123   0.7057  70.4159 141.2356
  13.050   1.2313   0.03875   0.00088  -0.0101   0.0123   0.7071  70.4390 141.3116
  13.100   1.2339   0.03902   0.00089  -0.0100   0.0122   0.7084  70.4623 141.3818
  13.150   1.2365   0.03929   0.00091  -0.0098   0.0121   0.7097  70.4859 141.4476
  13.200   1.2392   0.03955   0.00091  -0.0097   0.0121   0.7109  70.5097 141.5101
  13.250   1.2419   0.03981   0.00092  -0.0095   0.0120   0.7120  70.5338 141.5700
  13.300   1.2446   0.04006   0.00092  -0.0094   0.0120   0.7131  70.5582 141.6272
  13.350   1.2473   0.04032   0.00092  -0.0093   0.0119   0.7142  70.5829 141.6818
  13.400   1.2500   0.04059   0.00092  -0.0091   0.0118   0.7152  70.6081 141.7334
  13.450   1.2526   0.04085   0.00092  -0.0090   0.0118   0.7161  70.6339 141.7817
  13.500   1.2553   0.04112   0.00092  -0.0089   0.0117   0.7169  70.6603 141.8265
  13.550   1.2578   0.04140   0.00094  -0.0087   0.0116   0.7177  70.6871 141.8676
  13.600   1.2599   0.04172   0.00099  -0.0086   0.0116   0.7184  70.7135 141.9045
  13.650   1.2618   0.04206   0.00107  -0.0084   0.0115   0.7191  70.7402 141.9376
  13.700   1.2637   0.04240   0.00114  -0.0083   0.0114   0.7196  70.7676 141.9672
  13.750   1.2658   0.04273   0.00120  -0.0081   0.0114   0.7201  70.7962 141.9935
  13.800   1.2679   0.04305   0.00125  -0.0080   0.0113   0.7213  70.8257 142.0534
  13.850   1.2701   0.04336   0.00130  -0.0079   0.0112   0.7228  70.8557 142.1327
  13.900   1.2723   0.04367   0.00134  -0.0077   0.0112   0.7243  70.8858 142.2135
  13.950   1.2746   0.04398   0.00138  -0.0076   0.0111   0.7258  70.9158 142.2899
  14.000   1.2767   0.04429   0.00142  -0.0075   0.0110   0.7271  70.9456 142.3607
  14.050   1.2789   0.04461   0.00146  -0.0073   0.0109   0.7284  70.9748 142.4271
  14.100   1.2810   0.04493   0.00151  -0.0072   0.0109   0.7296  71.0006 142.4905
  14.150   1.2838   0.04520   0.00150  -0.0071   0.0109   0.7308  71.0060 142.5526
  14.200   1.2866   0.04547   0.00149  -0.0070   0.0108   0.7320  71.0118 142.6124
  14.250   1.2893   0.04576   0.00149  -0.0069   0.0108   0.7331  71.0178 142.6697
  14.300   1.2915   0.04608   0.00154  -0.0068   0.0108   0.7341  71.0240 142.7237
  14.350   1.2935   0.04643   0.00161  -0.0067   0.0108   0.7351  71.0305 142.7744
  14.400   1.2956   0.04678   0.00167  -0.0065   0.0108   0.7360  71.0376 142.8218
  14.450   1.2979   0.04710   0.00172  -0.0064   0.0108   0.7368  71.0453 142.8660
  14.500   1.3002   0.04742   0.00174  -0.0063   0.0108   0.7376  71.0538 142.9066
  14.550   1.3027   0.04773   0.00176  -0.0063   0.0107   0.7383  71.0630 142.9436
  14.600   1.3053   0.04803   0.00177  -0.0062   0.0107   0.7389  71.0729 142.9767
  14.700   1.3104   0.04862   0.00178  -0.0060   0.0107   0.7413  71.0946 143.1019
  14.750   1.3130   0.04892   0.00178  -0.0059   0.0106   0.7430  71.1064 143.1911
  14.800   1.3157   0.04921   0.00178  -0.0058   0.0106   0.7447  71.1186 143.2782
  14.850   1.3183   0.04951   0.00178  -0.0057   0.0106   0.7462  71.1314 143.3597
  14.900   1.3210   0.04980   0.00177  -0.0056   0.0105   0.7477  71.1444 143.4369
  14.950   1.3236   0.05010   0.00177  -0.0056   0.0105   0.7491  71.1577 143.5112
  15.000   1.3260   0.05042   0.00179  -0.0055   0.0105   0.7504  71.1709 143.5827
  15.050   1.3280   0.05078   0.00185  -0.0054   0.0105   0.7517  71.1834 143.6506
  15.100   1.3298   0.05118   0.00195  -0.0053   0.0104   0.7530  71.1954 143.7150
  15.150   1.3316   0.05156   0.00204  -0.0052   0.0104   0.7541  71.2073 143.7760
  15.200   1.3336   0.05193   0.00211  -0.0051   0.0104   0.7552  71.2192 143.8332
  15.250   1.3357   0.05229   0.00216  -0.0050   0.0104   0.7562  71.2313 143.8861
  15.300   1.3379   0.05263   0.00220  -0.0050   0.0103   0.7571  71.2437 143.9340
  15.350   1.3402   0.05297   0.00223  -0.0049   0.0103   0.7579  71.2562 143.9769
  15.450   1.3450   0.05364   0.00228  -0.0048   0.0102   0.7611  71.2818 144.1429
  15.500   1.3474   0.05397   0.00230  -0.0047   0.0102   0.7630  71.2947 144.2465
  15.550   1.3498   0.05431   0.00231  -0.0046   0.0102   0.7648  71.3076 144.3429
  15.600   1.3521   0.05464   0.00233  -0.0045   0.0102   0.7665  71.3205 144.4324
  15.650   1.3545   0.05498   0.00235  -0.0045   0.0101   0.7681  71.3334 144.5172
  15.700   1.3568   0.05532   0.00237  -0.0044   0.0101   0.7696  71.3463 144.5977
  15.750   1.3587   0.05571   0.00245  -0.0044   0.0101   0.7710  71.3585 144.6732
  15.800   1.3602   0.05614   0.00258  -0.0043   0.0100   0.7724  71.3701 144.7431
  15.850   1.3616   0.05657   0.00271  -0.0042   0.0100   0.7736  71.3816 144.8082
  15.900   1.3633   0.05698   0.00281  -0.0042   0.0100   0.7747  71.3935 144.8686
  15.950   1.3652   0.05737   0.00289  -0.0041   0.0100   0.7758  71.4056 144.9237
  16.000   1.3672   0.05776   0.00295  -0.0041   0.0099   0.7767  71.4179 144.9732
  16.100   1.3715   0.05850   0.00305  -0.0040   0.0099   0.7800  71.4427 145.1508
  16.150   1.3737   0.05886   0.00309  -0.0039   0.0099   0.7820  71.4551 145.2584
  16.200   1.3759   0.05923   0.00312  -0.0039   0.0098   0.7839  71.4675 145.3584
  16.250   1.3781   0.05960   0.00316  -0.0039   0.0098   0.7856  71.4800 145.4523
  16.300   1.3803   0.05997   0.00320  -0.0038   0.0098   0.7872  71.4925 145.5413
  16.350   1.3824   0.06034   0.00325  -0.0038   0.0097   0.7888  71.5050 145.6259
  16.400   1.3844   0.06074   0.00331  -0.0037   0.0097   0.7903  71.5172 145.7056
  16.450   1.3858   0.06119   0.00345  -0.0037   0.0097   0.7917  71.5286 145.7786
  16.500   1.3870   0.06168   0.00363  -0.0037   0.0097   0.7929  71.5396 145.8456
  16.550   1.3883   0.06215   0.00378  -0.0037   0.0096   0.7941  71.5508 145.9074
  16.600   1.3898   0.06260   0.00391  -0.0036   0.0096   0.7951  71.5623 145.9638
  16.700   1.3934   0.06345   0.00409  -0.0036   0.0096   0.7984  71.5862 146.1455
  16.750   1.3953   0.06386   0.00417  -0.0036   0.0095   0.8005  71.5983 146.2597
  16.800   1.3972   0.06427   0.00425  -0.0036   0.0095   0.8025  71.6104 146.3669
  16.850   1.3992   0.06468   0.00432  -0.0035   0.0095   0.8043  71.6227 146.4684
  16.900   1.4011   0.06509   0.00439  -0.0035   0.0095   0.8061  71.6350 146.5653
  16.950   1.4030   0.06550   0.00447  -0.0035   0.0094   0.8078  71.6473 146.6573
  17.000   1.4048   0.06592   0.00455  -0.0035   0.0094   0.8094  71.6597 146.7434
  17.050   1.4064   0.06637   0.00467  -0.0035   0.0094   0.8108  71.6718 146.8222
  17.100   1.4073   0.06690   0.00489  -0.0035   0.0094   0.8121  71.6830 146.8918
  17.150   1.4080   0.06745   0.00513  -0.0035   0.0093   0.8132  71.6941 146.9543
  17.250   1.4104   0.06845   0.00550  -0.0035   0.0093   0.8166  71.7179 147.1436
  17.300   1.4118   0.06893   0.00565  -0.0035   0.0092   0.8188  71.7305 147.2677
  17.350   1.4133   0.06940   0.00579  -0.0036   0.0092   0.8209  71.7434 147.3855
  17.400   1.4148   0.06987   0.00593  -0.0036   0.0092   0.8230  71.7565 147.4988
  17.450   1.4163   0.07034   0.00606  -0.0036   0.0092   0.8249  71.7698 147.6077
  17.500   1.4178   0.07081   0.00621  -0.0036   0.0091   0.8268  71.7833 147.7109
  17.550   1.4192   0.07129   0.00636  -0.0036   0.0091   0.8285  71.7969 147.8066
  17.600   1.4205   0.07179   0.00652  -0.0036   0.0091   0.8300  71.8106 147.8935
  17.650   1.4212   0.07236   0.00678  -0.0037   0.0090   0.8314  71.8235 147.9690
  17.700   1.4213   0.07300   0.00714  -0.0037   0.0090   0.8331  71.8355 148.0675
  17.750   1.4216   0.07362   0.00747  -0.0038   0.0090   0.8355  71.8480 148.2047
  17.800   1.4223   0.07420   0.00775  -0.0038   0.0090   0.8379  71.8613 148.3377
  17.850   1.4230   0.07476   0.00801  -0.0039   0.0089   0.8401  71.8750 148.4656
  17.900   1.4239   0.07532   0.00826  -0.0039   0.0089   0.8423  71.8890 148.5888
  17.950   1.4247   0.07589   0.00851  -0.0040   0.0089   0.8443  71.9031 148.7060
  18.000   1.4255   0.07645   0.00878  -0.0040   0.0088   0.8462  71.9174 148.8156
  18.050   1.4261   0.07703   0.00906  -0.0041   0.0088   0.8480  71.9317 148.9158
  18.150   1.4264   0.07833   0.00980  -0.0043   0.0087   0.8521  71.9584 149.1559
  18.200   1.4255   0.07909   0.01034  -0.0044   0.0087   0.8546  71.9700 149.3001
  18.250   1.4250   0.07981   0.01082  -0.0045   0.0087   0.8571  71.9825 149.4437
  18.300   1.4248   0.08051   0.01126  -0.0046   0.0087   0.8595  71.9957 149.5877
  18.350   1.4256   0.08109   0.01155  -0.0047   0.0087   0.8620  72.0018 149.7329
  18.400   1.4269   0.08162   0.01175  -0.0047   0.0087   0.8645  72.0046 149.8797
  18.500   1.4294   0.08267   0.01215  -0.0049   0.0086   0.8706  72.0104 150.2419
  18.550   1.4306   0.08319   0.01236  -0.0050   0.0086   0.8744  72.0134 150.4664
  18.600   1.4316   0.08375   0.01261  -0.0050   0.0086   0.8781  72.0164 150.6893
  18.650   1.4316   0.08443   0.01302  -0.0052   0.0086   0.8816  72.0192 150.8972
  18.700   1.4316   0.08511   0.01345  -0.0053   0.0086   0.8855  72.0220 151.1397
  18.750   1.4319   0.08574   0.01380  -0.0054   0.0086   0.8906  72.0250 151.4529
  18.800   1.4326   0.08633   0.01410  -0.0055   0.0086   0.8961  72.0283 151.7928
  18.850   1.4333   0.08689   0.01437  -0.0055   0.0086   0.9021  72.0316 152.1722
  18.900   1.4340   0.08744   0.01463  -0.0055   0.0086   0.9093  72.0351 152.6466
  18.950   1.4347   0.08797   0.01488  -0.0055   0.0086   0.9171  72.0386 153.1650
  19.000   1.4352   0.08849   0.01511  -0.0055   0.0086   0.9268  72.0421 153.8312
  19.100   1.4373   0.08966   0.01577  -0.0058   0.0086   0.9679  72.0500 156.9747
  19.150   1.4363   0.09033   0.01628  -0.0059   0.0086   1.0000  72.0530 160.0000
  19.200   1.4362   0.09107   0.01677  -0.0061   0.0085   1.0000  72.0565 160.0000
  19.250   1.4365   0.09175   0.01719  -0.0063   0.0085   1.0000  72.0603 160.0000
  19.300   1.4371   0.09240   0.01755  -0.0065   0.0085   1.0000  72.0644 160.0000
  19.350   1.4378   0.09304   0.01790  -0.0067   0.0085   1.0000  72.0686 160.0000
  19.400   1.4386   0.09367   0.01824  -0.0068   0.0085   1.0000  72.0728 160.0000
  19.450   1.4393   0.09430   0.01858  -0.0070   0.0085   1.0000  72.0772 160.0000
  19.500   1.4401   0.09493   0.01893  -0.0072   0.0085   1.0000  72.0817 160.0000
  19.550   1.4401   0.09566   0.01942  -0.0074   0.0085   1.0000  72.0858 160.0000
  19.600   1.4394   0.09649   0.02006  -0.0077   0.0085   1.0000  72.0895 160.0000
  19.650   1.4392   0.09727   0.02062  -0.0079   0.0085   1.0000  72.0935 160.0000
  19.700   1.4393   0.09799   0.02111  -0.0082   0.0085   1.0000  72.0978 160.0000
  19.750   1.4397   0.09868   0.02154  -0.0084   0.0085   1.0000  72.1024 160.0000
  19.800   1.4402   0.09936   0.02197  -0.0086   0.0084   1.0000  72.1071 160.0000
  19.850   1.4407   0.10004   0.02239  -0.0088   0.0084   1.0000  72.1119 160.0000
  19.900   1.4413   0.10072   0.02281  -0.0090   0.0084   1.0000  72.1167 160.0000
  19.950   1.4412   0.10147   0.02335  -0.0093   0.0084   1.0000  72.1213 160.0000
  20.000   1.4403   0.10236   0.02409  -0.0096   0.0084   1.0000  72.1252 160.0000
