 -20.000  -0.6866   0.23916   0.28519   0.0357   1.0000   0.0025   1.0000  84.8203
 -19.950  -0.6848   0.23847   0.28381   0.0352   1.0000   0.0025   1.0000  84.8011
 -19.900  -0.6831   0.23777   0.28242   0.0348   1.0000   0.0024   1.0000  84.7828
 -19.850  -0.6814   0.23705   0.28100   0.0344   1.0000   0.0024   1.0000  84.7649
 -19.800  -0.6797   0.23632   0.27957   0.0339   1.0000   0.0024   1.0000  84.7473
 -19.750  -0.6780   0.23558   0.27812   0.0335   1.0000   0.0024   1.0000  84.7300
 -19.700  -0.6763   0.23482   0.27666   0.0331   1.0000   0.0024   1.0000  84.7131
 -19.650  -0.6746   0.23406   0.27518   0.0326   1.0000   0.0023   1.0000  84.6984
 -19.600  -0.6729   0.23328   0.27368   0.0322   1.0000   0.0023   1.0000  84.6988
 -19.550  -0.6712   0.23250   0.27216   0.0317   1.0000   0.0024   1.0000  84.7084
 -19.500  -0.6695   0.23171   0.27063   0.0313   1.0000   0.0024   1.0000  84.7176
 -19.450  -0.6679   0.23090   0.26911   0.0309   1.0000   0.0024   1.0000  84.7155
 -19.400  -0.6662   0.23010   0.26761   0.0304   1.0000   0.0023   1.0000  84.6990
 -19.350  -0.6646   0.22929   0.26608   0.0300   1.0000   0.0023   1.0000  84.6836
 -19.300  -0.6630   0.22847   0.26453   0.0295   1.0000   0.0023   1.0000  84.6705
 -19.250  -0.6615   0.22762   0.26295   0.0291   1.0000   0.0023   1.0000  84.6606
 -19.200  -0.6599   0.22676   0.26134   0.0287   1.0000   0.0023   1.0000  84.6547
 -19.150  -0.6584   0.22587   0.25971   0.0282   1.0000   0.0023   1.0000  84.6540
 -19.100  -0.6569   0.22496   0.25803   0.0278   1.0000   0.0023   1.0000  84.6603
 -19.050  -0.6555   0.22399   0.25630   0.0273   1.0000   0.0023   1.0000  84.6767
 -19.000  -0.6542   0.22296   0.25438   0.0268   1.0000   0.0024   1.0000  84.7136
 -18.950  -0.6532   0.22165   0.25201   0.0263   1.0000   0.0025   1.0000  84.8007
 -18.900  -0.6518   0.22059   0.25003   0.0258   1.0000   0.0026   1.0000  84.8719
 -18.850  -0.6502   0.21976   0.24849   0.0254   1.0000   0.0026   1.0000  84.9062
 -18.700  -0.6467   0.21659   0.24277   0.0239   1.0000   0.0028   1.0000  85.0602
 -18.650  -0.6452   0.21584   0.24145   0.0235   1.0000   0.0028   1.0000  85.0788
 -18.600  -0.6435   0.21515   0.24024   0.0231   1.0000   0.0029   1.0000  85.0912
 -18.550  -0.6418   0.21449   0.23907   0.0227   1.0000   0.0029   1.0000  85.1019
 -18.500  -0.6401   0.21384   0.23792   0.0223   1.0000   0.0029   1.0000  85.1116
 -18.450  -0.6383   0.21319   0.23678   0.0219   1.0000   0.0029   1.0000  85.1208
 -18.400  -0.6366   0.21254   0.23564   0.0215   1.0000   0.0029   1.0000  85.1296
 -18.350  -0.6348   0.21189   0.23451   0.0211   1.0000   0.0029   1.0000  85.1383
 -18.300  -0.6330   0.21124   0.23338   0.0207   1.0000   0.0029   1.0000  85.1468
 -18.250  -0.6313   0.21059   0.23224   0.0203   1.0000   0.0030   1.0000  85.1553
 -18.200  -0.6295   0.20994   0.23111   0.0199   1.0000   0.0030   1.0000  85.1638
 -18.150  -0.6278   0.20928   0.22996   0.0195   1.0000   0.0030   1.0000  85.1722
 -18.100  -0.6261   0.20862   0.22883   0.0191   1.0000   0.0030   1.0000  85.1804
 -18.050  -0.6243   0.20798   0.22773   0.0187   1.0000   0.0030   1.0000  85.1878
 -18.000  -0.6226   0.20733   0.22662   0.0183   1.0000   0.0030   1.0000  85.1953
 -17.950  -0.6208   0.20667   0.22550   0.0180   1.0000   0.0030   1.0000  85.2028
 -17.900  -0.6191   0.20601   0.22437   0.0176   1.0000   0.0030   1.0000  85.2103
 -17.850  -0.6174   0.20534   0.22323   0.0172   1.0000   0.0031   1.0000  85.2176
 -17.800  -0.6157   0.20466   0.22208   0.0168   1.0000   0.0031   1.0000  85.2247
 -17.750  -0.6141   0.20397   0.22092   0.0164   1.0000   0.0031   1.0000  85.2317
 -17.700  -0.6124   0.20327   0.21974   0.0160   1.0000   0.0031   1.0000  85.2384
 -17.650  -0.6108   0.20255   0.21854   0.0156   1.0000   0.0031   1.0000  85.2447
 -17.600  -0.6092   0.20182   0.21732   0.0152   1.0000   0.0031   1.0000  85.2505
 -17.550  -0.6077   0.20107   0.21608   0.0148   1.0000   0.0031   1.0000  85.2559
 -17.500  -0.6062   0.20031   0.21482   0.0144   1.0000   0.0031   1.0000  85.2606
 -17.450  -0.6047   0.19952   0.21353   0.0140   1.0000   0.0031   1.0000  85.2647
 -17.400  -0.6033   0.19871   0.21221   0.0136   1.0000   0.0031   1.0000  85.2680
 -17.350  -0.6019   0.19788   0.21085   0.0132   1.0000   0.0031   1.0000  85.2706
 -17.300  -0.6006   0.19703   0.20948   0.0128   1.0000   0.0031   1.0000  85.2727
 -17.250  -0.5993   0.19616   0.20807   0.0124   1.0000   0.0031   1.0000  85.2741
 -17.200  -0.5980   0.19527   0.20664   0.0119   1.0000   0.0031   1.0000  85.2752
 -17.150  -0.5968   0.19435   0.20517   0.0115   1.0000   0.0031   1.0000  85.2761
 -17.100  -0.5957   0.19342   0.20369   0.0111   1.0000   0.0031   1.0000  85.2771
 -17.050  -0.5945   0.19247   0.20218   0.0106   1.0000   0.0031   1.0000  85.2785
 -17.000  -0.5935   0.19152   0.20068   0.0102   1.0000   0.0031   1.0000  85.2807
 -16.950  -0.5924   0.19056   0.19918   0.0097   1.0000   0.0031   1.0000  85.2837
 -16.900  -0.5913   0.18960   0.19768   0.0093   1.0000   0.0032   1.0000  85.2879
 -16.850  -0.5903   0.18865   0.19620   0.0088   1.0000   0.0032   1.0000  85.2933
 -16.800  -0.5892   0.18770   0.19473   0.0084   1.0000   0.0032   1.0000  85.3000
 -16.750  -0.5882   0.18676   0.19329   0.0080   1.0000   0.0032   1.0000  85.3081
 -16.700  -0.5871   0.18582   0.19185   0.0075   1.0000   0.0032   1.0000  85.3177
 -16.650  -0.5861   0.18489   0.19043   0.0071   1.0000   0.0032   1.0000  85.3287
 -16.600  -0.5851   0.18396   0.18902   0.0067   1.0000   0.0032   1.0000  85.3415
 -16.550  -0.5840   0.18304   0.18763   0.0062   1.0000   0.0033   1.0000  85.3560
 -16.500  -0.5828   0.18221   0.18638   0.0058   1.0000   0.0033   1.0000  85.3727
 -16.450  -0.5815   0.18141   0.18519   0.0054   1.0000   0.0033   1.0000  85.3912
 -16.400  -0.5802   0.18061   0.18401   0.0050   1.0000   0.0033   1.0000  85.4114
 -16.350  -0.5789   0.17980   0.18282   0.0046   1.0000   0.0034   1.0000  85.4340
 -16.300  -0.5777   0.17896   0.18159   0.0042   1.0000   0.0034   1.0000  85.4594
 -16.250  -0.5767   0.17806   0.18026   0.0038   1.0000   0.0035   1.0000  85.4893
 -16.200  -0.5763   0.17694   0.17860   0.0033   1.0000   0.0035   1.0000  85.5299
 -16.150  -0.5761   0.17570   0.17678   0.0028   1.0000   0.0036   1.0000  85.5867
 -16.100  -0.5764   0.17435   0.17478   0.0023   1.0000   0.0037   1.0000  85.6647
 -16.050  -0.5767   0.17300   0.17275   0.0017   1.0000   0.0039   1.0000  85.7448
 -16.000  -0.5766   0.17179   0.17100   0.0012   1.0000   0.0040   1.0000  85.8011
 -15.950  -0.5762   0.17073   0.16945   0.0008   1.0000   0.0040   1.0000  85.8397
 -15.900  -0.5755   0.16973   0.16802   0.0003   1.0000   0.0041   1.0000  85.8683
 -15.850  -0.5748   0.16877   0.16665  -0.0001   1.0000   0.0041   1.0000  85.8909
 -15.800  -0.5741   0.16782   0.16532  -0.0006   1.0000   0.0041   1.0000  85.9094
 -15.750  -0.5733   0.16687   0.16401  -0.0010   1.0000   0.0042   1.0000  85.9250
 -15.650  -0.5969   0.15727   0.14954  -0.0049   1.0000   0.0046   1.0000  86.1806
 -15.600  -0.5981   0.15585   0.14755  -0.0056   1.0000   0.0047   1.0000  86.2116
 -15.550  -0.5991   0.15449   0.14567  -0.0062   1.0000   0.0047   1.0000  86.2394
 -15.500  -0.6005   0.15308   0.14372  -0.0069   1.0000   0.0048   1.0000  86.2687
 -15.450  -0.6017   0.15171   0.14183  -0.0075   1.0000   0.0048   1.0000  86.2960
 -15.400  -0.6026   0.15042   0.14008  -0.0081   1.0000   0.0049   1.0000  86.3203
 -15.350  -0.6039   0.14905   0.13822  -0.0088   1.0000   0.0049   1.0000  86.3463
 -15.300  -0.6057   0.14755   0.13617  -0.0095   1.0000   0.0050   1.0000  86.3756
 -15.200  -0.6476   0.13534   0.11794  -0.0156   1.0000   0.0053   1.0000  86.5682
 -15.150  -0.6576   0.13216   0.11338  -0.0172   1.0000   0.0054   1.0000  86.5879
 -15.050  -0.6852   0.12437   0.10212  -0.0216   1.0000   0.0054   1.0000  86.5990
 -15.000  -0.6931   0.12184   0.09862  -0.0231   1.0000   0.0054   1.0000  86.5990
 -14.950  -0.7011   0.11934   0.09519  -0.0245   1.0000   0.0054   1.0000  86.5969
 -14.900  -0.7111   0.11652   0.09125  -0.0262   1.0000   0.0054   1.0000  86.5901
 -14.850  -0.7245   0.11309   0.08639  -0.0283   1.0000   0.0054   1.0000  86.5762
 -14.800  -0.7328   0.11063   0.08306  -0.0298   1.0000   0.0053   1.0000  86.5687
 -14.750  -0.7412   0.10820   0.07978  -0.0314   1.0000   0.0053   1.0000  86.5602
 -14.700  -0.7501   0.10571   0.07642  -0.0329   1.0000   0.0053   1.0000  86.5502
 -14.650  -0.7605   0.10303   0.07274  -0.0346   1.0000   0.0053   1.0000  86.5371
 -14.600  -0.7717   0.10022   0.06888  -0.0365   1.0000   0.0053   1.0000  86.5220
 -14.550  -0.7805   0.09782   0.06568  -0.0380   1.0000   0.0052   1.0000  86.5109
 -14.500  -0.7894   0.09544   0.06251  -0.0396   1.0000   0.0052   1.0000  86.4996
 -14.450  -0.7985   0.09306   0.05933  -0.0412   1.0000   0.0052   1.0000  86.4878
 -14.400  -0.8081   0.09063   0.05608  -0.0428   1.0000   0.0052   1.0000  86.4753
 -14.350  -0.8181   0.08812   0.05272  -0.0444   1.0000   0.0051   1.0000  86.4620
 -14.300  -0.8276   0.08570   0.04950  -0.0461   1.0000   0.0051   1.0000  86.4498
 -14.250  -0.8366   0.08335   0.04642  -0.0476   1.0000   0.0051   1.0000  86.4384
 -14.200  -0.8460   0.08097   0.04327  -0.0492   1.0000   0.0051   1.0000  86.4268
 -14.150  -0.8558   0.07855   0.04004  -0.0508   1.0000   0.0051   1.0000  86.4148
 -14.100  -0.8658   0.07607   0.03673  -0.0523   1.0000   0.0050   1.0000  86.4029
 -14.050  -0.8769   0.07350   0.03321  -0.0537   1.0000   0.0050   1.0000  86.3905
 -14.000  -0.8880   0.07063   0.02930  -0.0551   1.0000   0.0050   1.0000  86.3769
 -13.950  -0.8953   0.06819   0.02622  -0.0565   1.0000   0.0050   1.0000  86.3679
 -13.900  -0.9009   0.06606   0.02364  -0.0580   1.0000   0.0050   1.0000  86.3618
 -13.850  -0.9058   0.06411   0.02136  -0.0594   1.0000   0.0049   1.0000  86.3572
 -13.800  -0.9102   0.06230   0.01929  -0.0608   1.0000   0.0049   1.0000  86.3537
 -13.750  -0.9143   0.06060   0.01736  -0.0622   1.0000   0.0049   1.0000  86.3509
 -13.700  -0.9182   0.05898   0.01556  -0.0635   1.0000   0.0049   1.0000  86.3488
 -13.650  -0.9220   0.05743   0.01385  -0.0647   1.0000   0.0049   1.0000  86.3470
 -13.600  -0.9257   0.05595   0.01223  -0.0660   1.0000   0.0049   1.0000  86.3457
 -13.550  -0.9293   0.05451   0.01068  -0.0672   1.0000   0.0049   1.0000  86.3446
 -13.500  -0.9328   0.05311   0.00917  -0.0683   1.0000   0.0049   1.0000  86.3439
 -13.450  -0.9362   0.05176   0.00772  -0.0695   1.0000   0.0049   1.0000  86.3434
 -13.400  -0.9397   0.05044   0.00632  -0.0706   1.0000   0.0049   1.0000  86.3433
 -13.350  -0.9431   0.04916   0.00497  -0.0716   1.0000   0.0049   1.0000  86.3432
 -13.300  -0.9464   0.04791   0.00367  -0.0726   1.0000   0.0049   1.0000  86.3435
 -13.250  -0.9498   0.04669   0.00240  -0.0736   1.0000   0.0049   1.0000  86.3439
 -13.200  -0.9531   0.04550   0.00116  -0.0746   1.0000   0.0049   1.0000  86.3445
 -13.150  -0.9564   0.04433  -0.00004  -0.0755   1.0000   0.0049   1.0000  86.3453
 -13.100  -0.9597   0.04320  -0.00121  -0.0764   1.0000   0.0049   1.0000  86.3463
 -13.050  -0.9630   0.04210  -0.00233  -0.0773   1.0000   0.0049   1.0000  86.3474
 -13.000  -0.9662   0.04102  -0.00343  -0.0781   1.0000   0.0049   1.0000  86.3488
 -12.950  -0.9694   0.03996  -0.00450  -0.0789   1.0000   0.0049   1.0000  86.3503
 -12.900  -0.9726   0.03893  -0.00553  -0.0796   1.0000   0.0049   1.0000  86.3521
 -12.850  -0.9758   0.03793  -0.00653  -0.0803   1.0000   0.0049   1.0000  86.3540
 -12.800  -0.9790   0.03696  -0.00749  -0.0809   1.0000   0.0049   1.0000  86.3561
 -12.750  -0.9821   0.03601  -0.00843  -0.0815   1.0000   0.0049   1.0000  86.3584
 -12.700  -0.9852   0.03509  -0.00933  -0.0821   1.0000   0.0049   1.0000  86.3609
 -12.650  -0.9882   0.03420  -0.01019  -0.0826   1.0000   0.0050   1.0000  86.3636
 -12.600  -0.9913   0.03334  -0.01101  -0.0830   1.0000   0.0050   1.0000  86.3664
 -12.550  -0.9943   0.03251  -0.01181  -0.0834   1.0000   0.0050   1.0000  86.3695
 -12.500  -0.9972   0.03170  -0.01257  -0.0837   1.0000   0.0050   1.0000  86.3728
 -12.450  -1.0001   0.03093  -0.01330  -0.0840   1.0000   0.0050   1.0000  86.3762
 -12.400  -1.0030   0.03018  -0.01399  -0.0842   1.0000   0.0050   1.0000  86.3799
 -12.350  -1.0059   0.02947  -0.01464  -0.0843   1.0000   0.0050   1.0000  86.3836
 -12.300  -1.0088   0.02879  -0.01525  -0.0844   1.0000   0.0050   1.0000  86.3875
 -12.250  -1.0117   0.02814  -0.01581  -0.0843   1.0000   0.0050   1.0000  86.3914
 -12.200  -1.0147   0.02755  -0.01633  -0.0842   1.0000   0.0050   1.0000  86.3953
 -12.150  -1.0179   0.02700  -0.01680  -0.0839   1.0000   0.0050   1.0000  86.3990
 -12.100  -1.0214   0.02652  -0.01720  -0.0834   1.0000   0.0050   1.0000  86.4023
 -12.050  -1.0255   0.02613  -0.01751  -0.0827   1.0000   0.0050   1.0000  86.4048
 -12.000  -1.0275   0.02550  -0.01800  -0.0828   0.9998   0.0050   1.0306  86.4105
 -11.950  -1.0256   0.02454  -0.01873  -0.0838   0.9993   0.0051   1.0925  86.4224
 -11.900  -1.0236   0.02370  -0.01932  -0.0845   0.9987   0.0051   1.1665  86.4351
 -11.850  -1.0213   0.02292  -0.01984  -0.0851   0.9978   0.0051   1.2741  86.4484
 -11.800  -1.0232   0.02252  -0.02009  -0.0842   0.9911   0.0051   2.0865  86.4552
 -11.750  -1.0205   0.02183  -0.02049  -0.0846   0.9887   0.0052   2.2957  86.4693
 -11.700  -1.0166   0.02113  -0.02084  -0.0852   0.9864   0.0052   2.5023  86.4856
 -11.650  -1.0114   0.02042  -0.02114  -0.0859   0.9844   0.0052   2.6750  86.5039
 -11.600  -1.0053   0.01974  -0.02137  -0.0868   0.9829   0.0053   2.8041  86.5241
 -11.550  -0.9982   0.01908  -0.02153  -0.0878   0.9819   0.0053   2.8935  86.5460
 -11.500  -0.9904   0.01845  -0.02162  -0.0888   0.9812   0.0053   2.9609  86.5694
 -11.450  -0.9825   0.01788  -0.02164  -0.0897   0.9793   0.0054   3.1044  86.5932
 -11.400  -0.9744   0.01736  -0.02161  -0.0906   0.9764   0.0054   3.3253  86.6176
 -11.350  -0.9662   0.01688  -0.02153  -0.0915   0.9723   0.0055   3.6279  86.6423
 -11.300  -0.9585   0.01646  -0.02141  -0.0921   0.9668   0.0055   4.0368  86.6663
 -11.250  -0.9530   0.01614  -0.02129  -0.0923   0.9568   0.0056   4.7281  86.6867
 -11.200  -0.9494   0.01589  -0.02117  -0.0919   0.9457   0.0056   5.4724  86.7037
 -11.150  -0.9467   0.01569  -0.02105  -0.0914   0.9359   0.0056   6.1232  86.7194
 -11.100  -0.9436   0.01548  -0.02092  -0.0909   0.9281   0.0057   6.6369  86.7356
 -11.050  -0.9405   0.01528  -0.02077  -0.0904   0.9213   0.0057   7.0813  86.7516
 -11.000  -0.9369   0.01507  -0.02061  -0.0901   0.9160   0.0057   7.4273  86.7683
 -10.950  -0.9334   0.01488  -0.02044  -0.0896   0.9106   0.0058   7.7831  86.7847
 -10.900  -0.9296   0.01469  -0.02026  -0.0893   0.9060   0.0058   8.0820  86.8011
 -10.850  -0.9255   0.01450  -0.02006  -0.0889   0.9022   0.0058   8.3311  86.8177
 -10.800  -0.9213   0.01432  -0.01986  -0.0886   0.8981   0.0059   8.5999  86.8343
 -10.750  -0.9172   0.01415  -0.01965  -0.0883   0.8940   0.0059   8.8730  86.8496
 -10.700  -0.9128   0.01398  -0.01943  -0.0880   0.8907   0.0059   9.0883  86.8651
 -10.650  -0.9081   0.01382  -0.01919  -0.0877   0.8877   0.0060   9.2834  86.8803
 -10.600  -0.9035   0.01366  -0.01896  -0.0874   0.8844   0.0060   9.4998  86.8947
 -10.550  -0.8988   0.01351  -0.01872  -0.0871   0.8810   0.0060   9.7246  86.9084
 -10.450  -0.8891   0.01322  -0.01823  -0.0866   0.8751   0.0061  10.1086  86.9338
 -10.400  -0.8841   0.01308  -0.01797  -0.0864   0.8726   0.0061  10.2692  86.9455
 -10.350  -0.8790   0.01294  -0.01771  -0.0862   0.8699   0.0061  10.4445  86.9563
 -10.300  -0.8739   0.01282  -0.01745  -0.0860   0.8671   0.0061  10.6269  86.9667
 -10.250  -0.8687   0.01270  -0.01718  -0.0857   0.8643   0.0061  10.8114  86.9766
 -10.150  -0.8580   0.01248  -0.01662  -0.0854   0.8598   0.0062  11.1079  86.9946
 -10.100  -0.8530   0.01232  -0.01642  -0.0852   0.8577   0.0062  11.2404  87.0167
 -10.050  -0.8487   0.01207  -0.01634  -0.0849   0.8554   0.0063  11.3913  87.0684
 -10.000  -0.8439   0.01188  -0.01618  -0.0847   0.8530   0.0064  11.5460  87.1150
  -9.950  -0.8388   0.01173  -0.01598  -0.0845   0.8507   0.0065  11.7021  87.1569
  -9.900  -0.8336   0.01159  -0.01575  -0.0843   0.8482   0.0066  11.8590  87.1945
  -9.850  -0.8283   0.01147  -0.01551  -0.0841   0.8460   0.0067  12.0074  87.2284
  -9.800  -0.8227   0.01136  -0.01525  -0.0839   0.8445   0.0068  12.1052  87.2593
  -9.750  -0.8171   0.01125  -0.01499  -0.0838   0.8428   0.0068  12.2155  87.2889
  -9.700  -0.8115   0.01115  -0.01473  -0.0836   0.8409   0.0069  12.3365  87.3177
  -9.650  -0.8058   0.01105  -0.01447  -0.0835   0.8389   0.0070  12.4659  87.3459
  -9.600  -0.8002   0.01096  -0.01420  -0.0833   0.8369   0.0070  12.6013  87.3739
  -9.550  -0.7945   0.01088  -0.01394  -0.0832   0.8347   0.0071  12.7415  87.4018
  -9.500  -0.7888   0.01080  -0.01368  -0.0830   0.8325   0.0072  12.8862  87.4299
  -9.450  -0.7831   0.01072  -0.01342  -0.0829   0.8305   0.0072  13.0178  87.4583
  -9.400  -0.7772   0.01063  -0.01317  -0.0828   0.8291   0.0073  13.1099  87.4872
  -9.350  -0.7714   0.01055  -0.01291  -0.0827   0.8275   0.0074  13.2139  87.5162
  -9.300  -0.7655   0.01047  -0.01266  -0.0826   0.8257   0.0074  13.3279  87.5454
  -9.250  -0.7597   0.01040  -0.01241  -0.0825   0.8239   0.0075  13.4496  87.5748
  -9.200  -0.7539   0.01032  -0.01217  -0.0823   0.8219   0.0076  13.5769  87.6046
  -9.150  -0.7480   0.01025  -0.01193  -0.0822   0.8200   0.0076  13.7058  87.6347
  -9.100  -0.7422   0.01018  -0.01170  -0.0821   0.8178   0.0077  13.8448  87.6645
  -9.000  -0.7305   0.01004  -0.01123  -0.0819   0.8144   0.0078  14.0700  87.7243
  -8.950  -0.7245   0.00997  -0.01100  -0.0818   0.8130   0.0079  14.1604  87.7534
  -8.900  -0.7186   0.00990  -0.01078  -0.0817   0.8115   0.0080  14.2598  87.7817
  -8.850  -0.7126   0.00983  -0.01056  -0.0816   0.8099   0.0080  14.3660  87.8088
  -8.800  -0.7067   0.00976  -0.01034  -0.0815   0.8082   0.0081  14.4770  87.8346
  -8.750  -0.7007   0.00970  -0.01012  -0.0814   0.8064   0.0082  14.5933  87.8593
  -8.700  -0.6948   0.00964  -0.00991  -0.0813   0.8047   0.0082  14.7046  87.8818
  -8.650  -0.6888   0.00958  -0.00970  -0.0812   0.8028   0.0083  14.8256  87.9020
  -8.550  -0.6768   0.00947  -0.00928  -0.0811   0.7996   0.0084  15.0357  87.9378
  -8.500  -0.6708   0.00941  -0.00908  -0.0810   0.7985   0.0084  15.1090  87.9530
  -8.450  -0.6647   0.00936  -0.00888  -0.0810   0.7972   0.0084  15.1912  87.9664
  -8.400  -0.6587   0.00930  -0.00868  -0.0809   0.7959   0.0084  15.2813  87.9781
  -8.350  -0.6526   0.00925  -0.00848  -0.0808   0.7944   0.0085  15.3783  87.9883
  -8.300  -0.6465   0.00920  -0.00829  -0.0808   0.7928   0.0085  15.4807  87.9972
  -8.250  -0.6408   0.00910  -0.00816  -0.0807   0.7912   0.0086  15.5890  88.0414
  -8.200  -0.6351   0.00899  -0.00803  -0.0806   0.7894   0.0088  15.7017  88.1037
  -8.150  -0.6293   0.00891  -0.00789  -0.0805   0.7876   0.0089  15.8193  88.1627
  -8.100  -0.6234   0.00884  -0.00773  -0.0804   0.7858   0.0091  15.9414  88.2178
  -8.050  -0.6174   0.00877  -0.00757  -0.0804   0.7844   0.0092  16.0334  88.2689
  -8.000  -0.6113   0.00871  -0.00740  -0.0803   0.7833   0.0094  16.1068  88.3157
  -7.950  -0.6052   0.00865  -0.00724  -0.0803   0.7820   0.0095  16.1895  88.3591
  -7.900  -0.5992   0.00860  -0.00707  -0.0802   0.7806   0.0096  16.2804  88.3999
  -7.850  -0.5931   0.00855  -0.00690  -0.0802   0.7791   0.0097  16.3781  88.4393
  -7.800  -0.5870   0.00850  -0.00674  -0.0801   0.7775   0.0098  16.4812  88.4780
  -7.750  -0.5809   0.00845  -0.00658  -0.0801   0.7759   0.0099  16.5884  88.5164
  -7.700  -0.5749   0.00841  -0.00642  -0.0800   0.7742   0.0100  16.6977  88.5548
  -7.650  -0.5688   0.00837  -0.00627  -0.0800   0.7725   0.0101  16.8150  88.5925
  -7.600  -0.5628   0.00833  -0.00612  -0.0799   0.7706   0.0102  16.9347  88.6295
  -7.550  -0.5566   0.00828  -0.00597  -0.0799   0.7692   0.0103  17.0274  88.6658
  -7.500  -0.5505   0.00824  -0.00582  -0.0798   0.7682   0.0104  17.0960  88.7016
  -7.450  -0.5444   0.00820  -0.00568  -0.0798   0.7670   0.0105  17.1723  88.7364
  -7.400  -0.5382   0.00816  -0.00554  -0.0798   0.7658   0.0106  17.2551  88.7702
  -7.350  -0.5321   0.00812  -0.00540  -0.0798   0.7644   0.0107  17.3428  88.8041
  -7.300  -0.5259   0.00808  -0.00526  -0.0797   0.7630   0.0108  17.4345  88.8368
  -7.250  -0.5198   0.00804  -0.00512  -0.0797   0.7616   0.0109  17.5299  88.8675
  -7.200  -0.5137   0.00801  -0.00499  -0.0797   0.7600   0.0110  17.6311  88.8954
  -7.150  -0.5076   0.00798  -0.00486  -0.0796   0.7585   0.0110  17.7331  88.9194
  -7.100  -0.5015   0.00795  -0.00473  -0.0796   0.7568   0.0111  17.8425  88.9400
  -7.000  -0.4892   0.00789  -0.00448  -0.0796   0.7539   0.0112  18.0361  88.9714
  -6.950  -0.4830   0.00786  -0.00436  -0.0795   0.7528   0.0112  18.1032  88.9830
  -6.900  -0.4768   0.00782  -0.00424  -0.0795   0.7517   0.0113  18.1787  88.9927
  -6.850  -0.4707   0.00778  -0.00413  -0.0795   0.7504   0.0113  18.2622  89.0079
  -6.800  -0.4647   0.00770  -0.00406  -0.0795   0.7491   0.0115  18.3525  89.0781
  -6.750  -0.4587   0.00764  -0.00398  -0.0795   0.7476   0.0118  18.4482  89.1468
  -6.700  -0.4526   0.00759  -0.00389  -0.0794   0.7461   0.0120  18.5483  89.2133
  -6.650  -0.4465   0.00754  -0.00380  -0.0794   0.7445   0.0122  18.6523  89.2760
  -6.600  -0.4405   0.00750  -0.00370  -0.0794   0.7429   0.0124  18.7608  89.3335
  -6.550  -0.4344   0.00746  -0.00361  -0.0794   0.7411   0.0125  18.8746  89.3859
  -6.450  -0.4221   0.00739  -0.00342  -0.0794   0.7384   0.0129  19.0563  89.4804
  -6.400  -0.4159   0.00735  -0.00333  -0.0794   0.7373   0.0130  19.1262  89.5252
  -6.350  -0.4098   0.00732  -0.00324  -0.0794   0.7361   0.0132  19.2042  89.5692
  -6.300  -0.4036   0.00729  -0.00315  -0.0794   0.7348   0.0133  19.2889  89.6126
  -6.250  -0.3975   0.00725  -0.00306  -0.0794   0.7334   0.0134  19.3819  89.6559
  -6.200  -0.3913   0.00722  -0.00297  -0.0793   0.7320   0.0136  19.4732  89.6965
  -6.150  -0.3852   0.00719  -0.00289  -0.0793   0.7306   0.0137  19.5702  89.7356
  -6.100  -0.3791   0.00717  -0.00281  -0.0793   0.7290   0.0138  19.6713  89.7735
  -6.050  -0.3729   0.00714  -0.00273  -0.0793   0.7274   0.0140  19.7776  89.8083
  -6.000  -0.3668   0.00712  -0.00265  -0.0793   0.7257   0.0141  19.8899  89.8411
  -5.950  -0.3607   0.00709  -0.00257  -0.0793   0.7240   0.0142  20.0016  89.8710
  -5.900  -0.3545   0.00706  -0.00250  -0.0793   0.7231   0.0143  20.0622  89.8990
  -5.850  -0.3483   0.00704  -0.00242  -0.0793   0.7220   0.0144  20.1321  89.9249
  -5.800  -0.3421   0.00701  -0.00235  -0.0794   0.7209   0.0144  20.2107  89.9477
  -5.750  -0.3359   0.00699  -0.00228  -0.0794   0.7195   0.0145  20.2971  89.9666
  -5.700  -0.3298   0.00697  -0.00221  -0.0794   0.7181   0.0145  20.3901  89.9819
  -5.650  -0.3236   0.00695  -0.00214  -0.0794   0.7167   0.0146  20.4881  89.9940
  -5.600  -0.3175   0.00692  -0.00208  -0.0794   0.7151   0.0147  20.5902  90.0324
  -5.550  -0.3114   0.00687  -0.00204  -0.0794   0.7135   0.0151  20.6962  90.1135
  -5.500  -0.3053   0.00684  -0.00199  -0.0794   0.7118   0.0154  20.8072  90.1948
  -5.450  -0.2992   0.00681  -0.00194  -0.0794   0.7101   0.0157  20.9228  90.2760
  -5.400  -0.2931   0.00677  -0.00188  -0.0794   0.7086   0.0160  21.0177  90.3530
  -5.350  -0.2869   0.00674  -0.00183  -0.0794   0.7077   0.0163  21.0792  90.4233
  -5.300  -0.2808   0.00671  -0.00178  -0.0794   0.7066   0.0166  21.1493  90.4875
  -5.250  -0.2746   0.00668  -0.00172  -0.0795   0.7054   0.0168  21.2278  90.5474
  -5.200  -0.2684   0.00665  -0.00167  -0.0795   0.7041   0.0170  21.3138  90.6048
  -5.150  -0.2623   0.00663  -0.00162  -0.0795   0.7027   0.0173  21.4061  90.6602
  -5.100  -0.2561   0.00661  -0.00157  -0.0795   0.7013   0.0175  21.5036  90.7134
  -5.050  -0.2500   0.00659  -0.00152  -0.0795   0.6997   0.0177  21.6071  90.7650
  -5.000  -0.2439   0.00657  -0.00148  -0.0795   0.6981   0.0179  21.7115  90.8117
  -4.950  -0.2377   0.00655  -0.00143  -0.0795   0.6964   0.0181  21.8233  90.8541
  -4.900  -0.2316   0.00653  -0.00139  -0.0796   0.6947   0.0182  21.9397  90.8912
  -4.850  -0.2255   0.00651  -0.00134  -0.0796   0.6934   0.0183  22.0262  90.9233
  -4.800  -0.2193   0.00649  -0.00130  -0.0796   0.6924   0.0184  22.0887  90.9501
  -4.750  -0.2131   0.00647  -0.00126  -0.0796   0.6914   0.0185  22.1591  90.9717
  -4.700  -0.2069   0.00645  -0.00121  -0.0797   0.6902   0.0186  22.2374  90.9895
  -4.650  -0.2007   0.00643  -0.00118  -0.0797   0.6889   0.0188  22.3227  91.0327
  -4.600  -0.1946   0.00640  -0.00115  -0.0797   0.6875   0.0195  22.4137  91.1622
  -4.550  -0.1885   0.00637  -0.00112  -0.0797   0.6861   0.0201  22.5094  91.2973
  -4.500  -0.1823   0.00635  -0.00109  -0.0798   0.6845   0.0207  22.6095  91.4213
  -4.450  -0.1762   0.00632  -0.00105  -0.0798   0.6830   0.0212  22.7146  91.5225
  -4.400  -0.1701   0.00630  -0.00102  -0.0798   0.6813   0.0217  22.8259  91.6089
  -4.350  -0.1640   0.00629  -0.00099  -0.0798   0.6795   0.0221  22.9423  91.6889
  -4.300  -0.1579   0.00627  -0.00096  -0.0798   0.6782   0.0224  23.0276  91.7630
  -4.250  -0.1517   0.00624  -0.00093  -0.0799   0.6773   0.0228  23.0907  91.8293
  -4.200  -0.1455   0.00623  -0.00090  -0.0799   0.6762   0.0231  23.1616  91.8858
  -4.150  -0.1393   0.00621  -0.00087  -0.0799   0.6750   0.0233  23.2394  91.9313
  -4.100  -0.1332   0.00619  -0.00084  -0.0800   0.6738   0.0235  23.3238  91.9657
  -4.050  -0.1270   0.00618  -0.00081  -0.0800   0.6724   0.0236  23.4144  91.9912
  -4.000  -0.1209   0.00616  -0.00079  -0.0800   0.6710   0.0241  23.5099  92.0749
  -3.950  -0.1147   0.00614  -0.00077  -0.0801   0.6694   0.0251  23.6100  92.2391
  -3.900  -0.1086   0.00612  -0.00075  -0.0801   0.6679   0.0261  23.7149  92.4016
  -3.850  -0.1025   0.00610  -0.00073  -0.0801   0.6662   0.0270  23.8260  92.5359
  -3.800  -0.0964   0.00608  -0.00071  -0.0802   0.6644   0.0277  23.9423  92.6521
  -3.750  -0.0903   0.00606  -0.00069  -0.0802   0.6631   0.0283  24.0274  92.7571
  -3.700  -0.0841   0.00604  -0.00067  -0.0802   0.6622   0.0289  24.0905  92.8480
  -3.650  -0.0779   0.00602  -0.00065  -0.0803   0.6611   0.0294  24.1622  92.9201
  -3.600  -0.0718   0.00601  -0.00063  -0.0803   0.6599   0.0297  24.2418  92.9716
  -3.550  -0.0656   0.00599  -0.00061  -0.0803   0.6586   0.0301  24.3279  93.0320
  -3.500  -0.0594   0.00597  -0.00059  -0.0804   0.6572   0.0317  24.4191  93.2419
  -3.450  -0.0533   0.00595  -0.00058  -0.0804   0.6558   0.0334  24.5141  93.4600
  -3.400  -0.0472   0.00593  -0.00056  -0.0805   0.6543   0.0348  24.6122  93.6370
  -3.350  -0.0411   0.00591  -0.00055  -0.0805   0.6528   0.0360  24.7153  93.7904
  -3.300  -0.0350   0.00589  -0.00053  -0.0805   0.6511   0.0370  24.8254  93.9153
  -3.250  -0.0289   0.00588  -0.00052  -0.0806   0.6494   0.0378  24.9415  94.0120
  -3.200  -0.0227   0.00586  -0.00051  -0.0806   0.6481   0.0405  25.0270  94.2961
  -3.150  -0.0166   0.00583  -0.00050  -0.0807   0.6471   0.0429  25.0899  94.5530
  -3.100  -0.0104   0.00581  -0.00049  -0.0807   0.6461   0.0450  25.1616  94.7692
  -3.050  -0.0043   0.00579  -0.00048  -0.0808   0.6448   0.0466  25.2415  94.9394
  -3.000   0.0019   0.00577  -0.00047  -0.0808   0.6435   0.0495  25.3284  95.2043
  -2.950   0.0080   0.00573  -0.00046  -0.0808   0.6421   0.0536  25.4207  95.5650
  -2.900   0.0141   0.00571  -0.00046  -0.0809   0.6407   0.0567  25.5180  95.8402
  -2.850   0.0202   0.00569  -0.00045  -0.0809   0.6392   0.0593  25.6198  96.0620
  -2.800   0.0263   0.00566  -0.00044  -0.0810   0.6375   0.0653  25.7263  96.5449
  -2.750   0.0324   0.00563  -0.00044  -0.0810   0.6358   0.0695  25.8392  96.8792
  -2.650   0.0446   0.00556  -0.00043  -0.0811   0.6329   0.0821  26.0334  97.8221
  -2.600   0.0508   0.00553  -0.00043  -0.0812   0.6320   0.0882  26.0954  98.2701
  -2.550   0.0569   0.00549  -0.00043  -0.0813   0.6309   0.0959  26.1662  98.8163
  -2.500   0.0630   0.00546  -0.00042  -0.0813   0.6297   0.1030  26.2454  99.3198
  -2.450   0.0692   0.00541  -0.00042  -0.0814   0.6284   0.1113  26.3321  99.8982
  -2.400   0.0753   0.00537  -0.00042  -0.0815   0.6270   0.1212  26.4252 100.5840
  -2.350   0.0814   0.00534  -0.00042  -0.0815   0.6255   0.1291  26.5237 101.1222
  -2.300   0.0875   0.00529  -0.00042  -0.0816   0.6240   0.1398  26.6274 101.8528
  -2.250   0.0936   0.00525  -0.00043  -0.0817   0.6223   0.1500  26.7377 102.5369
  -2.200   0.0997   0.00522  -0.00042  -0.0817   0.6205   0.1580  26.8566 103.0761
  -2.100   0.1119   0.00513  -0.00043  -0.0819   0.6176   0.1808  27.0493 104.6096
  -2.050   0.1180   0.00508  -0.00043  -0.0820   0.6166   0.1918  27.1183 105.3417
  -2.000   0.1242   0.00504  -0.00043  -0.0820   0.6154   0.2032  27.1965 106.1035
  -1.950   0.1303   0.00499  -0.00044  -0.0821   0.6141   0.2159  27.2827 106.9495
  -1.900   0.1364   0.00494  -0.00044  -0.0822   0.6127   0.2291  27.3753 107.8294
  -1.850   0.1425   0.00488  -0.00045  -0.0823   0.6112   0.2437  27.4738 108.8001
  -1.800   0.1486   0.00483  -0.00045  -0.0824   0.6097   0.2594  27.5787 109.8437
  -1.750   0.1547   0.00477  -0.00046  -0.0825   0.6080   0.2755  27.6906 110.9102
  -1.700   0.1608   0.00472  -0.00046  -0.0825   0.6062   0.2911  27.8114 111.9471
  -1.650   0.1669   0.00468  -0.00047  -0.0826   0.6042   0.3057  27.9404 112.9127
  -1.600   0.1730   0.00463  -0.00047  -0.0827   0.6028   0.3187  28.0324 113.7767
  -1.550   0.1792   0.00459  -0.00047  -0.0828   0.6018   0.3304  28.1032 114.5562
  -1.500   0.1853   0.00455  -0.00047  -0.0829   0.6005   0.3421  28.1859 115.3331
  -1.450   0.1915   0.00450  -0.00048  -0.0830   0.5991   0.3551  28.2796 116.2018
  -1.400   0.1976   0.00446  -0.00048  -0.0830   0.5976   0.3681  28.3825 117.0613
  -1.350   0.2037   0.00443  -0.00048  -0.0831   0.5959   0.3801  28.4925 117.8645
  -1.300   0.2098   0.00440  -0.00048  -0.0832   0.5942   0.3897  28.6078 118.4986
  -1.250   0.2159   0.00439  -0.00047  -0.0832   0.5924   0.3966  28.7308 118.9581
  -1.200   0.2220   0.00437  -0.00047  -0.0833   0.5903   0.4030  28.8654 119.3778
  -1.150   0.2281   0.00436  -0.00047  -0.0834   0.5883   0.4087  29.0017 119.7591
  -1.100   0.2343   0.00435  -0.00047  -0.0834   0.5872   0.4133  29.0735 120.0635
  -1.050   0.2405   0.00433  -0.00047  -0.0835   0.5859   0.4207  29.1585 120.5535
  -1.000   0.2466   0.00432  -0.00047  -0.0835   0.5845   0.4273  29.2560 120.9894
  -0.950   0.2527   0.00429  -0.00046  -0.0836   0.5829   0.4362  29.3638 121.5796
  -0.900   0.2589   0.00428  -0.00046  -0.0837   0.5811   0.4434  29.4805 122.0507
  -0.850   0.2650   0.00426  -0.00046  -0.0837   0.5792   0.4524  29.6055 122.6470
  -0.800   0.2711   0.00425  -0.00046  -0.0838   0.5772   0.4600  29.7395 123.1498
  -0.750   0.2771   0.00423  -0.00046  -0.0838   0.5751   0.4692  29.8845 123.7528
  -0.700   0.2832   0.00422  -0.00045  -0.0839   0.5731   0.4764  30.0144 124.2273
  -0.650   0.2894   0.00420  -0.00045  -0.0840   0.5719   0.4838  30.0926 124.7160
  -0.600   0.2956   0.00419  -0.00045  -0.0840   0.5706   0.4880  30.1839 124.9919
  -0.550   0.3017   0.00418  -0.00045  -0.0841   0.5690   0.4925  30.2878 125.2872
  -0.500   0.3079   0.00418  -0.00045  -0.0841   0.5673   0.4958  30.4029 125.5038
  -0.450   0.3140   0.00418  -0.00045  -0.0842   0.5655   0.4984  30.5264 125.6719
  -0.400   0.3201   0.00419  -0.00045  -0.0842   0.5635   0.5005  30.6572 125.8088
  -0.350   0.3262   0.00420  -0.00045  -0.0843   0.5614   0.5021  30.7974 125.9183
  -0.250   0.3384   0.00421  -0.00044  -0.0843   0.5576   0.5065  31.0481 126.2057
  -0.200   0.3445   0.00420  -0.00045  -0.0844   0.5563   0.5095  31.1352 126.4052
  -0.150   0.3507   0.00420  -0.00045  -0.0845   0.5548   0.5127  31.2365 126.6155
  -0.100   0.3568   0.00420  -0.00045  -0.0845   0.5531   0.5158  31.3499 126.8166
  -0.050   0.3629   0.00420  -0.00045  -0.0845   0.5513   0.5185  31.4729 126.9951
   0.000   0.3690   0.00420  -0.00045  -0.0846   0.5493   0.5233  31.6070 127.3103
   0.000   0.3690   0.00420  -0.00045  -0.0846   0.5493   0.5233  31.6072 127.3103
   0.050   0.3751   0.00420  -0.00044  -0.0846   0.5470   0.5278  31.7569 127.6037
   0.100   0.3812   0.00421  -0.00044  -0.0847   0.5445   0.5315  31.9262 127.8463
   0.150   0.3873   0.00421  -0.00044  -0.0847   0.5427   0.5345  32.0474 128.0388
   0.200   0.3934   0.00421  -0.00045  -0.0848   0.5412   0.5388  32.1474 128.3225
   0.250   0.3996   0.00420  -0.00045  -0.0848   0.5394   0.5424  32.2655 128.5568
   0.300   0.4057   0.00421  -0.00045  -0.0849   0.5374   0.5453  32.4001 128.7466
   0.350   0.4117   0.00422  -0.00045  -0.0849   0.5352   0.5475  32.5492 128.8935
   0.400   0.4178   0.00423  -0.00045  -0.0849   0.5327   0.5491  32.7122 128.9992
   0.450   0.4238   0.00424  -0.00045  -0.0850   0.5300   0.5518  32.8935 129.1755
   0.500   0.4299   0.00425  -0.00045  -0.0850   0.5279   0.5542  33.0359 129.3284
   0.550   0.4361   0.00425  -0.00046  -0.0851   0.5264   0.5562  33.1365 129.4623
   0.600   0.4422   0.00425  -0.00046  -0.0851   0.5246   0.5581  33.2540 129.5862
   0.650   0.4483   0.00426  -0.00046  -0.0851   0.5227   0.5599  33.3846 129.7011
   0.700   0.4544   0.00427  -0.00047  -0.0852   0.5205   0.5615  33.5260 129.8044
   0.750   0.4604   0.00429  -0.00047  -0.0852   0.5183   0.5629  33.6754 129.8959
   0.800   0.4665   0.00430  -0.00047  -0.0852   0.5158   0.5641  33.8390 129.9740
   0.850   0.4725   0.00432  -0.00047  -0.0853   0.5134   0.5659  34.0034 130.0897
   0.900   0.4787   0.00432  -0.00048  -0.0853   0.5122   0.5681  34.0843 130.2371
   0.950   0.4848   0.00432  -0.00049  -0.0854   0.5107   0.5702  34.1831 130.3738
   1.000   0.4910   0.00432  -0.00049  -0.0854   0.5090   0.5722  34.2967 130.5030
   1.050   0.4971   0.00433  -0.00050  -0.0855   0.5071   0.5741  34.4204 130.6255
   1.100   0.5031   0.00434  -0.00050  -0.0855   0.5050   0.5759  34.5575 130.7382
   1.150   0.5092   0.00436  -0.00051  -0.0855   0.5027   0.5774  34.7143 130.8377
   1.200   0.5152   0.00437  -0.00051  -0.0855   0.4999   0.5787  34.8979 130.9234
   1.250   0.5213   0.00439  -0.00052  -0.0856   0.4978   0.5798  35.0400 130.9945
   1.300   0.5274   0.00439  -0.00053  -0.0856   0.4961   0.5819  35.1514 131.1306
   1.350   0.5335   0.00440  -0.00053  -0.0857   0.4939   0.5840  35.2989 131.2670
   1.400   0.5396   0.00441  -0.00054  -0.0857   0.4912   0.5859  35.4775 131.3889
   1.450   0.5456   0.00442  -0.00055  -0.0857   0.4882   0.5877  35.6768 131.5010
   1.500   0.5516   0.00445  -0.00055  -0.0857   0.4848   0.5893  35.9067 131.6060
   1.550   0.5576   0.00446  -0.00056  -0.0858   0.4824   0.5908  36.0674 131.7042
   1.600   0.5637   0.00447  -0.00057  -0.0858   0.4803   0.5922  36.2068 131.7939
   1.650   0.5698   0.00448  -0.00058  -0.0858   0.4779   0.5934  36.3669 131.8737
   1.700   0.5759   0.00450  -0.00059  -0.0858   0.4752   0.5945  36.5453 131.9428
   1.800   0.5879   0.00454  -0.00061  -0.0859   0.4693   0.5973  36.9435 132.1237
   1.850   0.5939   0.00455  -0.00062  -0.0859   0.4667   0.5991  37.1168 132.2417
   1.900   0.6000   0.00456  -0.00063  -0.0859   0.4632   0.6008  37.3530 132.3530
   1.950   0.6059   0.00459  -0.00064  -0.0859   0.4584   0.6025  37.6776 132.4580
   2.000   0.6117   0.00462  -0.00064  -0.0859   0.4529   0.6040  38.0454 132.5580
   2.050   0.6177   0.00465  -0.00065  -0.0859   0.4482   0.6055  38.3614 132.6541
   2.100   0.6235   0.00469  -0.00066  -0.0859   0.4420   0.6069  38.7790 132.7448
   2.150   0.6293   0.00472  -0.00067  -0.0859   0.4367   0.6082  39.1412 132.8295
   2.200   0.6351   0.00476  -0.00067  -0.0859   0.4301   0.6094  39.5831 132.9067
   2.250   0.6408   0.00481  -0.00068  -0.0859   0.4226   0.6105  40.0918 132.9744
   2.350   0.6522   0.00491  -0.00068  -0.0858   0.4074   0.6139  41.1200 133.2011
   2.400   0.6580   0.00494  -0.00069  -0.0858   0.4006   0.6158  41.5775 133.3191
   2.450   0.6637   0.00499  -0.00069  -0.0858   0.3937   0.6175  42.0415 133.4342
   2.500   0.6695   0.00503  -0.00070  -0.0858   0.3873   0.6193  42.4787 133.5472
   2.550   0.6751   0.00509  -0.00070  -0.0857   0.3790   0.6210  43.0410 133.6561
   2.600   0.6808   0.00514  -0.00071  -0.0857   0.3704   0.6226  43.6198 133.7613
   2.650   0.6863   0.00521  -0.00071  -0.0856   0.3611   0.6241  44.2517 133.8598
   2.700   0.6918   0.00528  -0.00070  -0.0856   0.3511   0.6255  44.9296 133.9502
   2.800   0.7029   0.00540  -0.00070  -0.0855   0.3341   0.6295  46.0817 134.2106
   2.900   0.7142   0.00551  -0.00071  -0.0854   0.3189   0.6338  47.1150 134.4922
   2.950   0.7199   0.00556  -0.00072  -0.0854   0.3112   0.6358  47.6416 134.6259
   3.000   0.7254   0.00562  -0.00072  -0.0853   0.3030   0.6378  48.1968 134.7527
   3.050   0.7309   0.00569  -0.00072  -0.0852   0.2943   0.6395  48.7917 134.8701
   3.100   0.7366   0.00575  -0.00072  -0.0852   0.2863   0.6412  49.3306 134.9761
   3.150   0.7420   0.00583  -0.00072  -0.0851   0.2768   0.6434  49.9804 135.1224
   3.200   0.7475   0.00590  -0.00072  -0.0851   0.2670   0.6459  50.6490 135.2844
   3.250   0.7528   0.00598  -0.00071  -0.0850   0.2553   0.6483  51.4454 135.4432
   3.350   0.7631   0.00619  -0.00069  -0.0847   0.2292   0.6528  53.2352 135.7393
   3.400   0.7682   0.00629  -0.00067  -0.0846   0.2160   0.6547  54.1448 135.8679
   3.450   0.7733   0.00640  -0.00066  -0.0845   0.2026   0.6564  55.0616 135.9791
   3.500   0.7785   0.00651  -0.00065  -0.0844   0.1899   0.6587  55.9429 136.1261
   3.550   0.7837   0.00660  -0.00064  -0.0843   0.1789   0.6611  56.7107 136.2859
   3.600   0.7891   0.00668  -0.00064  -0.0842   0.1683   0.6635  57.4458 136.4397
   3.650   0.7943   0.00677  -0.00064  -0.0841   0.1582   0.6657  58.1595 136.5848
   3.700   0.7997   0.00685  -0.00064  -0.0840   0.1500   0.6677  58.7404 136.7174
   3.750   0.8053   0.00691  -0.00065  -0.0839   0.1430   0.6695  59.2332 136.8336
   3.800   0.8106   0.00700  -0.00065  -0.0838   0.1347   0.6710  59.8280 136.9313
   3.850   0.8163   0.00706  -0.00067  -0.0838   0.1285   0.6723  60.2704 137.0199
   3.900   0.8215   0.00715  -0.00067  -0.0837   0.1197   0.6744  60.9063 137.1523
   3.950   0.8272   0.00720  -0.00068  -0.0836   0.1141   0.6763  61.3210 137.2808
   4.050   0.8380   0.00735  -0.00070  -0.0835   0.1000   0.6800  62.3636 137.5206
   4.100   0.8433   0.00744  -0.00070  -0.0833   0.0914   0.6817  63.0040 137.6310
   4.150   0.8489   0.00749  -0.00073  -0.0833   0.0872   0.6833  63.3312 137.7335
   4.200   0.8542   0.00758  -0.00073  -0.0832   0.0796   0.6847  63.9154 137.8242
   4.250   0.8599   0.00763  -0.00076  -0.0831   0.0760   0.6859  64.2051 137.9041
   4.300   0.8653   0.00771  -0.00077  -0.0830   0.0709   0.6870  64.6202 137.9718
   4.350   0.8709   0.00777  -0.00080  -0.0829   0.0655   0.6883  65.0606 138.0591
   4.400   0.8765   0.00782  -0.00082  -0.0829   0.0623   0.6900  65.3340 138.1734
   4.450   0.8819   0.00790  -0.00084  -0.0828   0.0571   0.6917  65.7864 138.2824
   4.500   0.8876   0.00795  -0.00087  -0.0827   0.0536   0.6933  66.1044 138.3860
   4.550   0.8932   0.00800  -0.00090  -0.0827   0.0508   0.6948  66.3727 138.4849
   4.600   0.8986   0.00807  -0.00092  -0.0826   0.0467   0.6962  66.7680 138.5783
   4.650   0.9043   0.00812  -0.00095  -0.0825   0.0436   0.6976  67.0751 138.6663
   4.700   0.9100   0.00817  -0.00099  -0.0824   0.0417   0.6988  67.2852 138.7478
   4.750   0.9155   0.00823  -0.00103  -0.0824   0.0393   0.7000  67.5548 138.8217
   4.800   0.9211   0.00829  -0.00106  -0.0823   0.0362   0.7010  67.8920 138.8878
   4.850   0.9268   0.00834  -0.00110  -0.0822   0.0347   0.7019  68.0774 138.9469
   4.900   0.9326   0.00838  -0.00115  -0.0822   0.0336   0.7027  68.2170 138.9979
   4.950   0.9383   0.00842  -0.00120  -0.0821   0.0325   0.7042  68.3764 139.0958
   5.000   0.9440   0.00847  -0.00124  -0.0820   0.0312   0.7057  68.5498 139.1964
   5.050   0.9496   0.00852  -0.00129  -0.0820   0.0296   0.7072  68.7546 139.2919
   5.100   0.9553   0.00856  -0.00134  -0.0819   0.0281   0.7086  68.9625 139.3830
   5.150   0.9612   0.00860  -0.00139  -0.0819   0.0275   0.7099  69.0445 139.4711
   5.200   0.9670   0.00863  -0.00145  -0.0818   0.0271   0.7112  69.1201 139.5560
   5.250   0.9727   0.00867  -0.00151  -0.0817   0.0265   0.7124  69.2144 139.6375
   5.300   0.9785   0.00871  -0.00157  -0.0817   0.0259   0.7136  69.3241 139.7149
   5.350   0.9842   0.00876  -0.00163  -0.0816   0.0251   0.7147  69.4458 139.7857
   5.400   0.9898   0.00881  -0.00169  -0.0815   0.0243   0.7158  69.5811 139.8540
   5.450   0.9955   0.00886  -0.00175  -0.0815   0.0233   0.7167  69.7421 139.9142
   5.500   1.0012   0.00890  -0.00181  -0.0814   0.0223   0.7175  69.9095 139.9676
   5.600   1.0128   0.00898  -0.00196  -0.0813   0.0215   0.7200  70.0539 140.1290
   5.650   1.0185   0.00901  -0.00203  -0.0812   0.0212   0.7214  70.1177 140.2254
   5.700   1.0243   0.00905  -0.00210  -0.0811   0.0208   0.7229  70.2067 140.3183
   5.750   1.0300   0.00909  -0.00218  -0.0811   0.0202   0.7242  70.3216 140.4075
   5.800   1.0357   0.00914  -0.00225  -0.0810   0.0196   0.7255  70.4585 140.4927
   5.850   1.0412   0.00919  -0.00232  -0.0809   0.0188   0.7268  70.6171 140.5778
   5.900   1.0468   0.00925  -0.00240  -0.0808   0.0179   0.7281  70.8126 140.6586
   5.950   1.0524   0.00930  -0.00247  -0.0807   0.0170   0.7293  71.0049 140.7364
   6.000   1.0582   0.00934  -0.00256  -0.0806   0.0167   0.7304  71.0699 140.8100
   6.050   1.0639   0.00938  -0.00265  -0.0805   0.0163   0.7314  71.1698 140.8785
   6.100   1.0695   0.00943  -0.00273  -0.0805   0.0158   0.7324  71.3007 140.9410
   6.150   1.0751   0.00948  -0.00282  -0.0803   0.0152   0.7332  71.4521 140.9958
   6.200   1.0806   0.00954  -0.00290  -0.0802   0.0146   0.7348  71.6188 141.0977
   6.250   1.0862   0.00960  -0.00299  -0.0801   0.0138   0.7364  71.8148 141.1998
   6.300   1.0917   0.00965  -0.00308  -0.0800   0.0131   0.7379  72.0013 141.2988
   6.350   1.0974   0.00969  -0.00318  -0.0799   0.0130   0.7393  72.0448 141.3950
   6.400   1.1031   0.00974  -0.00328  -0.0798   0.0128   0.7408  72.0988 141.4878
   6.450   1.1088   0.00978  -0.00338  -0.0797   0.0126   0.7422  72.1649 141.5816
   6.500   1.1144   0.00983  -0.00348  -0.0796   0.0123   0.7436  72.2350 141.6694
   6.550   1.1200   0.00988  -0.00358  -0.0795   0.0121   0.7449  72.3090 141.7557
   6.600   1.1255   0.00993  -0.00369  -0.0794   0.0119   0.7461  72.3841 141.8371
   6.650   1.1311   0.00999  -0.00379  -0.0793   0.0116   0.7473  72.4594 141.9124
   6.700   1.1366   0.01004  -0.00390  -0.0792   0.0114   0.7483  72.5399 141.9821
   6.800   1.1477   0.01015  -0.00412  -0.0789   0.0108   0.7517  72.7189 142.2000
   6.850   1.1531   0.01021  -0.00423  -0.0788   0.0105   0.7534  72.8103 142.3109
   6.900   1.1586   0.01027  -0.00435  -0.0787   0.0103   0.7550  72.8959 142.4191
   6.950   1.1640   0.01033  -0.00446  -0.0785   0.0100   0.7567  72.9739 142.5243
   7.000   1.1696   0.01039  -0.00459  -0.0784   0.0099   0.7582  73.0071 142.6270
   7.050   1.1752   0.01043  -0.00472  -0.0783   0.0099   0.7597  73.0205 142.7245
   7.100   1.1808   0.01048  -0.00485  -0.0782   0.0099   0.7612  73.0361 142.8198
   7.150   1.1863   0.01053  -0.00498  -0.0780   0.0098   0.7625  73.0541 142.9085
   7.200   1.1919   0.01058  -0.00512  -0.0779   0.0098   0.7638  73.0744 142.9885
   7.250   1.1974   0.01063  -0.00526  -0.0778   0.0097   0.7657  73.0975 143.1131
   7.300   1.2030   0.01069  -0.00540  -0.0777   0.0096   0.7676  73.1221 143.2410
   7.350   1.2085   0.01074  -0.00554  -0.0775   0.0096   0.7695  73.1480 143.3654
   7.400   1.2140   0.01079  -0.00569  -0.0774   0.0095   0.7714  73.1763 143.4875
   7.450   1.2195   0.01084  -0.00584  -0.0772   0.0094   0.7732  73.2053 143.6057
   7.500   1.2249   0.01090  -0.00599  -0.0771   0.0093   0.7749  73.2353 143.7190
   7.550   1.2304   0.01096  -0.00614  -0.0769   0.0093   0.7766  73.2661 143.8253
   7.600   1.2358   0.01102  -0.00629  -0.0768   0.0092   0.7780  73.2975 143.9224
   7.700   1.2466   0.01114  -0.00661  -0.0765   0.0090   0.7816  73.3603 144.1526
   7.750   1.2520   0.01120  -0.00677  -0.0763   0.0089   0.7837  73.3914 144.2916
   7.800   1.2573   0.01126  -0.00693  -0.0761   0.0088   0.7857  73.4222 144.4264
   7.850   1.2627   0.01132  -0.00709  -0.0760   0.0088   0.7878  73.4528 144.5634
   7.900   1.2680   0.01139  -0.00726  -0.0758   0.0087   0.7898  73.4830 144.6933
   7.950   1.2733   0.01145  -0.00743  -0.0756   0.0086   0.7916  73.5130 144.8152
   8.000   1.2785   0.01152  -0.00760  -0.0754   0.0085   0.7933  73.5431 144.9261
   8.100   1.2890   0.01166  -0.00795  -0.0750   0.0084   0.7973  73.6037 145.1888
   8.150   1.2942   0.01173  -0.00813  -0.0748   0.0083   0.7996  73.6340 145.3405
   8.200   1.2994   0.01180  -0.00831  -0.0746   0.0082   0.8019  73.6662 145.4873
   8.250   1.3045   0.01187  -0.00849  -0.0744   0.0081   0.8040  73.6980 145.6308
   8.300   1.3095   0.01195  -0.00867  -0.0742   0.0081   0.8061  73.7300 145.7668
   8.350   1.3146   0.01203  -0.00885  -0.0739   0.0080   0.8080  73.7620 145.8921
   8.400   1.3196   0.01212  -0.00903  -0.0737   0.0079   0.8097  73.7936 146.0065
   8.450   1.3245   0.01220  -0.00921  -0.0734   0.0078   0.8122  73.8247 146.1719
   8.500   1.3293   0.01229  -0.00939  -0.0732   0.0077   0.8148  73.8551 146.3399
   8.550   1.3341   0.01239  -0.00957  -0.0729   0.0077   0.8173  73.8849 146.5070
   8.600   1.3388   0.01249  -0.00974  -0.0726   0.0076   0.8198  73.9141 146.6694
   8.650   1.3434   0.01260  -0.00991  -0.0723   0.0075   0.8221  73.9434 146.8222
   8.700   1.3478   0.01272  -0.01007  -0.0720   0.0074   0.8242  73.9770 146.9601
   8.750   1.3523   0.01282  -0.01025  -0.0716   0.0074   0.8266  74.0020 147.1227
   8.800   1.3574   0.01289  -0.01047  -0.0714   0.0074   0.8294  74.0079 147.3042
   8.850   1.3625   0.01295  -0.01069  -0.0712   0.0073   0.8321  74.0146 147.4848
   8.900   1.3675   0.01302  -0.01092  -0.0709   0.0073   0.8347  74.0220 147.6603
   8.950   1.3725   0.01309  -0.01115  -0.0707   0.0073   0.8372  74.0300 147.8244
   9.000   1.3775   0.01317  -0.01138  -0.0704   0.0073   0.8394  74.0384 147.9722
   9.050   1.3823   0.01324  -0.01161  -0.0702   0.0073   0.8422  74.0467 148.1538
   9.100   1.3872   0.01332  -0.01183  -0.0699   0.0073   0.8452  74.0551 148.3566
   9.150   1.3920   0.01340  -0.01207  -0.0696   0.0072   0.8482  74.0643 148.5571
   9.200   1.3967   0.01348  -0.01230  -0.0693   0.0072   0.8511  74.0740 148.7498
   9.250   1.4014   0.01357  -0.01254  -0.0690   0.0072   0.8537  74.0843 148.9234
   9.300   1.4061   0.01365  -0.01277  -0.0687   0.0072   0.8564  74.0953 149.1034
   9.350   1.4107   0.01373  -0.01301  -0.0684   0.0071   0.8596  74.1068 149.3181
   9.400   1.4153   0.01382  -0.01325  -0.0681   0.0071   0.8628  74.1190 149.5337
   9.450   1.4198   0.01391  -0.01350  -0.0678   0.0071   0.8658  74.1318 149.7388
   9.500   1.4243   0.01400  -0.01374  -0.0674   0.0071   0.8685  74.1451 149.9214
   9.550   1.4288   0.01409  -0.01399  -0.0671   0.0070   0.8713  74.1589 150.1094
   9.600   1.4331   0.01418  -0.01423  -0.0667   0.0070   0.8746  74.1733 150.3368
   9.650   1.4375   0.01427  -0.01448  -0.0664   0.0070   0.8780  74.1880 150.5689
   9.700   1.4417   0.01437  -0.01473  -0.0660   0.0069   0.8813  74.2032 150.7911
   9.750   1.4459   0.01447  -0.01498  -0.0656   0.0069   0.8842  74.2187 150.9883
   9.800   1.4500   0.01456  -0.01523  -0.0652   0.0069   0.8878  74.2343 151.2367
   9.850   1.4541   0.01466  -0.01548  -0.0648   0.0068   0.8917  74.2502 151.5050
   9.900   1.4581   0.01476  -0.01573  -0.0644   0.0068   0.8955  74.2661 151.7718
   9.950   1.4620   0.01486  -0.01598  -0.0639   0.0068   0.8992  74.2822 152.0227
  10.000   1.4657   0.01496  -0.01623  -0.0635   0.0067   0.9039  74.2981 152.3529
  10.050   1.4694   0.01506  -0.01648  -0.0630   0.0067   0.9091  74.3140 152.7150
  10.100   1.4729   0.01516  -0.01672  -0.0625   0.0067   0.9147  74.3297 153.1063
  10.150   1.4757   0.01524  -0.01695  -0.0618   0.0066   0.9231  74.3443 153.7002
  10.200   1.4769   0.01529  -0.01714  -0.0609   0.0066   0.9405  74.3563 154.9366
  10.300   1.4805   0.01541  -0.01756  -0.0592   0.0065   1.0000  74.3821 160.0000
  10.350   1.4829   0.01552  -0.01779  -0.0585   0.0065   1.0000  74.3959 160.0000
  10.400   1.4853   0.01564  -0.01801  -0.0578   0.0065   1.0000  74.4096 160.0000
  10.450   1.4877   0.01576  -0.01824  -0.0571   0.0065   1.0000  74.4232 160.0000
  10.500   1.4901   0.01588  -0.01847  -0.0565   0.0064   1.0000  74.4367 160.0000
  10.550   1.4924   0.01600  -0.01869  -0.0558   0.0064   1.0000  74.4500 160.0000
  10.600   1.4947   0.01613  -0.01892  -0.0551   0.0064   1.0000  74.4631 160.0000
  10.650   1.4970   0.01626  -0.01914  -0.0544   0.0063   1.0000  74.4762 160.0000
  10.700   1.4994   0.01639  -0.01937  -0.0538   0.0063   1.0000  74.4892 160.0000
  10.750   1.5017   0.01653  -0.01959  -0.0531   0.0063   1.0000  74.5019 160.0000
  10.800   1.5039   0.01667  -0.01981  -0.0525   0.0063   1.0000  74.5144 160.0000
  10.850   1.5062   0.01682  -0.02004  -0.0518   0.0062   1.0000  74.5269 160.0000
  10.900   1.5085   0.01696  -0.02026  -0.0512   0.0062   1.0000  74.5392 160.0000
  10.950   1.5106   0.01712  -0.02048  -0.0505   0.0062   1.0000  74.5513 160.0000
  11.000   1.5128   0.01727  -0.02070  -0.0499   0.0062   1.0000  74.5631 160.0000
  11.050   1.5150   0.01743  -0.02092  -0.0493   0.0061   1.0000  74.5750 160.0000
  11.100   1.5172   0.01759  -0.02114  -0.0487   0.0061   1.0000  74.5866 160.0000
  11.150   1.5193   0.01776  -0.02135  -0.0481   0.0061   1.0000  74.5980 160.0000
  11.200   1.5214   0.01794  -0.02156  -0.0474   0.0061   1.0000  74.6093 160.0000
  11.250   1.5235   0.01811  -0.02178  -0.0468   0.0060   1.0000  74.6206 160.0000
  11.300   1.5255   0.01829  -0.02199  -0.0462   0.0060   1.0000  74.6316 160.0000
  11.350   1.5275   0.01848  -0.02219  -0.0456   0.0060   1.0000  74.6424 160.0000
  11.400   1.5294   0.01867  -0.02240  -0.0450   0.0060   1.0000  74.6533 160.0000
  11.450   1.5314   0.01886  -0.02260  -0.0445   0.0059   1.0000  74.6640 160.0000
  11.500   1.5333   0.01906  -0.02280  -0.0439   0.0059   1.0000  74.6746 160.0000
  11.550   1.5352   0.01927  -0.02299  -0.0433   0.0059   1.0000  74.6854 160.0000
  11.600   1.5371   0.01947  -0.02320  -0.0427   0.0059   1.0000  74.6971 160.0000
  11.650   1.5390   0.01968  -0.02340  -0.0422   0.0059   1.0000  74.7096 160.0000
  11.700   1.5409   0.01989  -0.02359  -0.0416   0.0058   1.0000  74.7227 160.0000
  11.750   1.5428   0.02011  -0.02379  -0.0411   0.0058   1.0000  74.7367 160.0000
  11.800   1.5447   0.02033  -0.02399  -0.0405   0.0058   1.0000  74.7514 160.0000
  11.850   1.5464   0.02056  -0.02417  -0.0400   0.0057   1.0000  74.7663 160.0000
  11.900   1.5481   0.02080  -0.02435  -0.0395   0.0057   1.0000  74.7817 160.0000
  11.950   1.5497   0.02105  -0.02452  -0.0389   0.0057   1.0000  74.7974 160.0000
  12.000   1.5511   0.02131  -0.02466  -0.0384   0.0056   1.0000  74.8129 160.0000
  12.050   1.5523   0.02159  -0.02479  -0.0378   0.0056   1.0000  74.8280 160.0000
  12.100   1.5534   0.02188  -0.02490  -0.0373   0.0056   1.0000  74.8426 160.0000
  12.150   1.5543   0.02218  -0.02499  -0.0367   0.0055   1.0000  74.8561 160.0000
  12.200   1.5550   0.02251  -0.02505  -0.0361   0.0055   1.0000  74.8688 160.0000
  12.250   1.5555   0.02284  -0.02509  -0.0356   0.0055   1.0000  74.8820 160.0000
  12.300   1.5560   0.02319  -0.02511  -0.0350   0.0055   1.0000  74.8955 160.0000
  12.350   1.5561   0.02356  -0.02510  -0.0344   0.0054   1.0000  74.9089 160.0000
  12.400   1.5560   0.02396  -0.02505  -0.0338   0.0054   1.0000  74.9229 160.0000
  12.450   1.5557   0.02437  -0.02497  -0.0333   0.0054   1.0000  74.9371 160.0000
  12.500   1.5549   0.02482  -0.02484  -0.0327   0.0054   1.0000  74.9514 160.0000
  12.550   1.5539   0.02529  -0.02467  -0.0321   0.0053   1.0000  74.9664 160.0000
  12.600   1.5524   0.02581  -0.02443  -0.0315   0.0053   1.0000  74.9814 160.0000
  12.650   1.5505   0.02637  -0.02411  -0.0309   0.0053   1.0000  74.9968 160.0000
  12.700   1.5510   0.02676  -0.02411  -0.0304   0.0052   1.0000  75.0024 160.0000
  12.750   1.5520   0.02712  -0.02417  -0.0300   0.0052   1.0000  75.0055 160.0000
  12.800   1.5531   0.02748  -0.02423  -0.0296   0.0052   1.0000  75.0088 160.0000
  12.850   1.5542   0.02784  -0.02429  -0.0293   0.0052   1.0000  75.0123 160.0000
  12.900   1.5551   0.02821  -0.02433  -0.0289   0.0052   1.0000  75.0159 160.0000
  12.950   1.5559   0.02860  -0.02436  -0.0285   0.0052   1.0000  75.0196 160.0000
  13.000   1.5568   0.02899  -0.02438  -0.0281   0.0052   1.0000  75.0236 160.0000
  13.050   1.5577   0.02938  -0.02441  -0.0278   0.0052   1.0000  75.0278 160.0000
  13.100   1.5584   0.02980  -0.02441  -0.0274   0.0052   1.0000  75.0321 160.0000
  13.150   1.5590   0.03022  -0.02440  -0.0271   0.0052   1.0000  75.0366 160.0000
  13.200   1.5597   0.03064  -0.02439  -0.0267   0.0052   1.0000  75.0413 160.0000
  13.250   1.5603   0.03107  -0.02436  -0.0264   0.0052   1.0000  75.0462 160.0000
  13.300   1.5606   0.03153  -0.02431  -0.0261   0.0052   1.0000  75.0512 160.0000
  13.350   1.5611   0.03198  -0.02425  -0.0258   0.0051   1.0000  75.0564 160.0000
  13.400   1.5615   0.03244  -0.02419  -0.0255   0.0051   1.0000  75.0619 160.0000
  13.450   1.5616   0.03293  -0.02410  -0.0252   0.0051   1.0000  75.0673 160.0000
  13.500   1.5618   0.03342  -0.02400  -0.0249   0.0051   1.0000  75.0730 160.0000
  13.550   1.5620   0.03391  -0.02390  -0.0246   0.0051   1.0000  75.0791 160.0000
  13.600   1.5620   0.03443  -0.02377  -0.0243   0.0051   1.0000  75.0851 160.0000
  13.650   1.5619   0.03496  -0.02361  -0.0241   0.0051   1.0000  75.0912 160.0000
  13.700   1.5618   0.03549  -0.02346  -0.0238   0.0051   1.0000  75.0977 160.0000
  13.750   1.5617   0.03604  -0.02329  -0.0236   0.0051   1.0000  75.1042 160.0000
  13.800   1.5613   0.03661  -0.02308  -0.0234   0.0051   1.0000  75.1107 160.0000
  13.850   1.5609   0.03718  -0.02287  -0.0232   0.0050   1.0000  75.1174 160.0000
  13.900   1.5606   0.03776  -0.02265  -0.0230   0.0050   1.0000  75.1244 160.0000
  13.950   1.5599   0.03837  -0.02238  -0.0228   0.0050   1.0000  75.1311 160.0000
  14.000   1.5593   0.03898  -0.02211  -0.0226   0.0050   1.0000  75.1381 160.0000
  14.050   1.5587   0.03960  -0.02184  -0.0225   0.0050   1.0000  75.1453 160.0000
  14.100   1.5578   0.04025  -0.02151  -0.0223   0.0050   1.0000  75.1523 160.0000
  14.150   1.5570   0.04092  -0.02118  -0.0222   0.0050   1.0000  75.1595 160.0000
  14.200   1.5562   0.04158  -0.02085  -0.0221   0.0050   1.0000  75.1669 160.0000
  14.250   1.5551   0.04228  -0.02046  -0.0220   0.0049   1.0000  75.1740 160.0000
  14.300   1.5539   0.04298  -0.02006  -0.0219   0.0049   1.0000  75.1812 160.0000
  14.350   1.5529   0.04369  -0.01967  -0.0218   0.0049   1.0000  75.1887 160.0000
  14.400   1.5515   0.04443  -0.01921  -0.0218   0.0049   1.0000  75.1958 160.0000
  14.450   1.5502   0.04518  -0.01875  -0.0217   0.0049   1.0000  75.2030 160.0000
  14.500   1.5489   0.04594  -0.01829  -0.0217   0.0049   1.0000  75.2105 160.0000
  14.550   1.5473   0.04674  -0.01776  -0.0217   0.0049   1.0000  75.2176 160.0000
  14.600   1.5458   0.04754  -0.01723  -0.0217   0.0048   1.0000  75.2247 160.0000
  14.650   1.5443   0.04834  -0.01670  -0.0218   0.0048   1.0000  75.2322 160.0000
  14.700   1.5425   0.04919  -0.01610  -0.0218   0.0048   1.0000  75.2390 160.0000
  14.750   1.5408   0.05005  -0.01549  -0.0219   0.0048   1.0000  75.2461 160.0000
  14.800   1.5391   0.05091  -0.01489  -0.0220   0.0048   1.0000  75.2534 160.0000
  14.850   1.5371   0.05181  -0.01421  -0.0221   0.0048   1.0000  75.2600 160.0000
  14.900   1.5352   0.05271  -0.01354  -0.0223   0.0048   1.0000  75.2669 160.0000
  14.950   1.5332   0.05363  -0.01285  -0.0224   0.0048   1.0000  75.2737 160.0000
  15.000   1.5310   0.05458  -0.01210  -0.0226   0.0048   1.0000  75.2801 160.0000
  15.050   1.5290   0.05553  -0.01136  -0.0228   0.0047   1.0000  75.2868 160.0000
  15.100   1.5268   0.05651  -0.01058  -0.0231   0.0047   1.0000  75.2932 160.0000
  15.150   1.5244   0.05752  -0.00975  -0.0233   0.0047   1.0000  75.2994 160.0000
  15.200   1.5223   0.05852  -0.00895  -0.0236   0.0047   1.0000  75.3060 160.0000
  15.250   1.5198   0.05957  -0.00806  -0.0239   0.0047   1.0000  75.3118 160.0000
  15.300   1.5174   0.06063  -0.00718  -0.0242   0.0047   1.0000  75.3179 160.0000
  15.350   1.5150   0.06169  -0.00628  -0.0245   0.0047   1.0000  75.3240 160.0000
  15.400   1.5124   0.06280  -0.00532  -0.0249   0.0047   1.0000  75.3295 160.0000
  15.450   1.5099   0.06389  -0.00438  -0.0252   0.0047   1.0000  75.3354 160.0000
  15.500   1.5072   0.06503  -0.00337  -0.0257   0.0046   1.0000  75.3409 160.0000
  15.550   1.5045   0.06617  -0.00235  -0.0261   0.0046   1.0000  75.3465 160.0000
  15.600   1.5020   0.06731  -0.00135  -0.0265   0.0046   1.0000  75.3527 160.0000
  15.650   1.4992   0.06851  -0.00026  -0.0270   0.0046   1.0000  75.3582 160.0000
  15.700   1.4966   0.06968   0.00080  -0.0275   0.0046   1.0000  75.3643 160.0000
  15.750   1.4939   0.07088   0.00189  -0.0280   0.0046   1.0000  75.3703 160.0000
  15.800   1.4910   0.07212   0.00304  -0.0285   0.0046   1.0000  75.3758 160.0000
  15.850   1.4884   0.07333   0.00414  -0.0290   0.0046   1.0000  75.3821 160.0000
  15.900   1.4855   0.07461   0.00534  -0.0296   0.0046   1.0000  75.3875 160.0000
  15.950   1.4827   0.07587   0.00653  -0.0302   0.0046   1.0000  75.3932 160.0000
  16.000   1.4800   0.07714   0.00773  -0.0308   0.0045   1.0000  75.3991 160.0000
  16.050   1.4769   0.07847   0.00901  -0.0314   0.0045   1.0000  75.4040 160.0000
  16.100   1.4741   0.07976   0.01025  -0.0321   0.0045   1.0000  75.4098 160.0000
  16.150   1.4711   0.08111   0.01158  -0.0327   0.0045   1.0000  75.4147 160.0000
  16.200   1.4680   0.08247   0.01291  -0.0334   0.0045   1.0000  75.4197 160.0000
  16.250   1.4651   0.08383   0.01424  -0.0341   0.0045   1.0000  75.4251 160.0000
  16.300   1.4619   0.08525   0.01568  -0.0349   0.0045   1.0000  75.4293 160.0000
  16.350   1.4590   0.08663   0.01705  -0.0356   0.0045   1.0000  75.4344 160.0000
  16.400   1.4557   0.08809   0.01854  -0.0364   0.0045   1.0000  75.4385 160.0000
  16.450   1.4526   0.08954   0.02001  -0.0372   0.0045   1.0000  75.4428 160.0000
  16.500   1.4495   0.09099   0.02151  -0.0380   0.0045   1.0000  75.4471 160.0000
  16.550   1.4462   0.09250   0.02310  -0.0389   0.0045   1.0000  75.4506 160.0000
  16.600   1.4431   0.09397   0.02462  -0.0397   0.0044   1.0000  75.4548 160.0000
  16.650   1.4396   0.09553   0.02630  -0.0406   0.0044   1.0000  75.4577 160.0000
  16.700   1.4364   0.09703   0.02790  -0.0415   0.0044   1.0000  75.4614 160.0000
  16.750   1.4329   0.09862   0.02962  -0.0424   0.0044   1.0000  75.4640 160.0000
  16.800   1.4296   0.10018   0.03133  -0.0433   0.0044   1.0000  75.4670 160.0000
  16.850   1.4262   0.10178   0.03309  -0.0443   0.0044   1.0000  75.4697 160.0000
  16.900   1.4227   0.10340   0.03490  -0.0453   0.0044   1.0000  75.4720 160.0000
  16.950   1.4193   0.10501   0.03671  -0.0462   0.0044   1.0000  75.4745 160.0000
  17.000   1.4157   0.10669   0.03862  -0.0473   0.0044   1.0000  75.4762 160.0000
  17.050   1.4123   0.10832   0.04049  -0.0483   0.0044   1.0000  75.4784 160.0000
  17.100   1.4086   0.11004   0.04250  -0.0494   0.0044   1.0000  75.4796 160.0000
  17.150   1.4051   0.11170   0.04443  -0.0504   0.0044   1.0000  75.4815 160.0000
  17.200   1.4013   0.11345   0.04654  -0.0515   0.0044   1.0000  75.4821 160.0000
  17.250   1.3978   0.11513   0.04855  -0.0526   0.0044   1.0000  75.4836 160.0000
  17.300   1.3940   0.11692   0.05074  -0.0537   0.0044   1.0000  75.4838 160.0000
  17.350   1.3904   0.11863   0.05285  -0.0548   0.0044   1.0000  75.4848 160.0000
  17.400   1.3865   0.12045   0.05513  -0.0560   0.0044   1.0000  75.4846 160.0000
  17.450   1.3829   0.12219   0.05732  -0.0571   0.0044   1.0000  75.4853 160.0000
  17.500   1.3789   0.12404   0.05970  -0.0584   0.0044   1.0000  75.4846 160.0000
  17.550   1.3753   0.12581   0.06199  -0.0595   0.0044   1.0000  75.4849 160.0000
  17.600   1.3713   0.12768   0.06447  -0.0607   0.0044   1.0000  75.4838 160.0000
  17.650   1.3676   0.12948   0.06685  -0.0619   0.0044   1.0000  75.4837 160.0000
  17.700   1.3635   0.13138   0.06943  -0.0632   0.0044   1.0000  75.4822 160.0000
  17.750   1.3598   0.13320   0.07192  -0.0644   0.0044   1.0000  75.4816 160.0000
  17.800   1.3557   0.13512   0.07461  -0.0657   0.0044   1.0000  75.4798 160.0000
  17.850   1.3518   0.13696   0.07721  -0.0669   0.0044   1.0000  75.4786 160.0000
  17.900   1.3476   0.13890   0.07999  -0.0682   0.0044   1.0000  75.4764 160.0000
  17.950   1.3437   0.14077   0.08271  -0.0695   0.0044   1.0000  75.4748 160.0000
  18.000   1.3394   0.14272   0.08560  -0.0708   0.0044   1.0000  75.4721 160.0000
  18.050   1.3354   0.14462   0.08843  -0.0721   0.0044   1.0000  75.4702 160.0000
  18.100   1.3311   0.14660   0.09145  -0.0734   0.0044   1.0000  75.4670 160.0000
  18.150   1.3271   0.14851   0.09437  -0.0747   0.0044   1.0000  75.4649 160.0000
  18.200   1.3226   0.15052   0.09754  -0.0761   0.0044   1.0000  75.4612 160.0000
  18.250   1.3186   0.15243   0.10054  -0.0774   0.0044   1.0000  75.4589 160.0000
  18.300   1.3140   0.15449   0.10387  -0.0788   0.0044   1.0000  75.4546 160.0000
  18.350   1.3101   0.15640   0.10695  -0.0801   0.0045   1.0000  75.4523 160.0000
  18.400   1.3053   0.15849   0.11045  -0.0816   0.0045   1.0000  75.4474 160.0000
  18.450   1.3012   0.16044   0.11369  -0.0829   0.0045   1.0000  75.4445 160.0000
  18.500   1.2966   0.16250   0.11719  -0.0844   0.0045   1.0000  75.4402 160.0000
  18.550   1.2921   0.16454   0.12071  -0.0858   0.0045   1.0000  75.4360 160.0000
  18.600   1.2881   0.16648   0.12406  -0.0872   0.0045   1.0000  75.4333 160.0000
  18.650   1.2830   0.16866   0.12795  -0.0887   0.0045   1.0000  75.4273 160.0000
  18.700   1.2788   0.17064   0.13146  -0.0901   0.0045   1.0000  75.4242 160.0000
  18.750   1.2745   0.17265   0.13506  -0.0915   0.0045   1.0000  75.4208 160.0000
  18.800   1.2694   0.17486   0.13915  -0.0931   0.0045   1.0000  75.4149 160.0000
  18.850   1.2654   0.17685   0.14276  -0.0945   0.0045   1.0000  75.4122 160.0000
  18.900   1.2614   0.17883   0.14640  -0.0959   0.0045   1.0000  75.4098 160.0000
  18.950   1.2560   0.18114   0.15084  -0.0975   0.0045   1.0000  75.4033 160.0000
  19.000   1.2519   0.18316   0.15464  -0.0989   0.0045   1.0000  75.4010 160.0000
  19.050   1.2482   0.18510   0.15829  -0.1003   0.0045   1.0000  75.3998 160.0000
  19.100   1.2432   0.18736   0.16272  -0.1019   0.0046   1.0000  75.3951 160.0000
  19.150   1.2386   0.18957   0.16706  -0.1035   0.0046   1.0000  75.3916 160.0000
  19.200   1.2349   0.19154   0.17088  -0.1049   0.0046   1.0000  75.3912 160.0000
  19.250   1.2314   0.19347   0.17465  -0.1063   0.0046   1.0000  75.3915 160.0000
  19.300   1.2261   0.19589   0.17961  -0.1080   0.0046   1.0000  75.3872 160.0000
  19.350   1.2217   0.19809   0.18405  -0.1095   0.0046   1.0000  75.3861 160.0000
  19.400   1.2184   0.20005   0.18797  -0.1109   0.0046   1.0000  75.3879 160.0000
  19.450   1.2152   0.20197   0.19185  -0.1123   0.0046   1.0000  75.3905 160.0000
  19.500   1.2102   0.20440   0.19694  -0.1140   0.0046   1.0000  75.3897 160.0000
  19.550   1.2054   0.20677   0.20198  -0.1156   0.0046   1.0000  75.3904 160.0000
  19.600   1.2022   0.20875   0.20608  -0.1170   0.0046   1.0000  75.3951 160.0000
  19.650   1.1992   0.21069   0.21013  -0.1183   0.0045   1.0000  75.4008 160.0000
  19.700   1.1948   0.21302   0.21515  -0.1199   0.0045   1.0000  75.4056 160.0000
  19.750   1.1889   0.21582   0.22134  -0.1218   0.0045   1.0000  75.4104 160.0000
  19.800   1.1857   0.21788   0.22579  -0.1232   0.0045   1.0000  75.4198 160.0000
  19.850   1.1826   0.21995   0.23026  -0.1246   0.0045   1.0000  75.4306 160.0000
  19.900   1.1744   0.22357   0.23853  -0.1270   0.0045   1.0000  75.4450 160.0000
  19.950   1.1706   0.22591   0.24373  -0.1286   0.0044   1.0000  75.4621 160.0000
  20.000   1.1670   0.22825   0.24897  -0.1301   0.0044   1.0000  75.4821 160.0000
