 -20.000  -0.6347   0.11877   0.06846  -0.1168   0.8801   0.0104   9.6578  90.2058
 -19.950  -0.6450   0.11638   0.06494  -0.1182   0.8791   0.0104   9.7175  90.2039
 -19.900  -0.6551   0.11405   0.06154  -0.1195   0.8780   0.0104   9.7805  90.2016
 -19.850  -0.6648   0.11180   0.05831  -0.1208   0.8769   0.0104   9.8473  90.1991
 -19.700  -0.6920   0.10545   0.04942  -0.1245   0.8738   0.0104  10.0261  90.1909
 -19.650  -0.7010   0.10337   0.04654  -0.1257   0.8733   0.0104  10.0599  90.1877
 -19.600  -0.7087   0.10147   0.04400  -0.1268   0.8725   0.0104  10.1011  90.1856
 -19.550  -0.7173   0.09943   0.04127  -0.1280   0.8719   0.0104  10.1414  90.1824
 -19.500  -0.7243   0.09764   0.03895  -0.1290   0.8710   0.0104  10.1893  90.1808
 -19.450  -0.7322   0.09572   0.03644  -0.1302   0.8702   0.0104  10.2360  90.1780
 -19.400  -0.7390   0.09398   0.03423  -0.1312   0.8693   0.0104  10.2891  90.1764
 -19.350  -0.7461   0.09221   0.03198  -0.1322   0.8684   0.0104  10.3432  90.1744
 -19.300  -0.7529   0.09048   0.02980  -0.1333   0.8674   0.0104  10.4000  90.1726
 -19.250  -0.7591   0.08885   0.02780  -0.1343   0.8664   0.0104  10.4611  90.1716
 -19.200  -0.7656   0.08716   0.02572  -0.1353   0.8653   0.0103  10.5225  90.1699
 -19.150  -0.7713   0.08560   0.02385  -0.1362   0.8642   0.0103  10.5901  90.1694
 -19.100  -0.7772   0.08401   0.02195  -0.1372   0.8629   0.0103  10.6604  90.1685
 -19.050  -0.7829   0.08245   0.02011  -0.1381   0.8617   0.0103  10.7351  90.1678
 -19.000  -0.7881   0.08097   0.01840  -0.1391   0.8603   0.0103  10.8176  90.1679
 -18.950  -0.7936   0.07945   0.01664  -0.1400   0.8588   0.0103  10.9038  90.1675
 -18.850  -0.8035   0.07661   0.01345  -0.1417   0.8566   0.0103  11.0298  90.1682
 -18.800  -0.8083   0.07521   0.01190  -0.1426   0.8559   0.0103  11.0689  90.1686
 -18.750  -0.8127   0.07388   0.01045  -0.1434   0.8552   0.0103  11.1120  90.1696
 -18.700  -0.8174   0.07252   0.00896  -0.1443   0.8544   0.0104  11.1579  90.1703
 -18.650  -0.8215   0.07126   0.00762  -0.1450   0.8536   0.0104  11.2079  90.1717
 -18.600  -0.8258   0.06997   0.00625  -0.1458   0.8526   0.0104  11.2610  90.1729
 -18.550  -0.8298   0.06874   0.00496  -0.1466   0.8517   0.0104  11.3177  90.1745
 -18.500  -0.8336   0.06752   0.00371  -0.1473   0.8507   0.0104  11.3774  90.1763
 -18.450  -0.8374   0.06632   0.00248  -0.1480   0.8496   0.0104  11.4396  90.1781
 -18.400  -0.8409   0.06517   0.00133  -0.1487   0.8485   0.0104  11.5050  90.1804
 -18.350  -0.8445   0.06401   0.00017  -0.1494   0.8473   0.0104  11.5728  90.1824
 -18.300  -0.8477   0.06292  -0.00089  -0.1500   0.8461   0.0104  11.6446  90.1850
 -18.250  -0.8511   0.06182  -0.00197  -0.1506   0.8448   0.0104  11.7210  90.1873
 -18.200  -0.8541   0.06079  -0.00294  -0.1512   0.8433   0.0104  11.8042  90.1903
 -18.150  -0.8573   0.05974  -0.00394  -0.1517   0.8418   0.0104  11.8920  90.1929
 -18.050  -0.8629   0.05777  -0.00576  -0.1527   0.8396   0.0104  12.0225  90.1990
 -18.000  -0.8656   0.05682  -0.00661  -0.1532   0.8390   0.0104  12.0576  90.2022
 -17.950  -0.8681   0.05589  -0.00744  -0.1536   0.8383   0.0104  12.0964  90.2056
 -17.900  -0.8707   0.05496  -0.00826  -0.1541   0.8376   0.0104  12.1389  90.2090
 -17.850  -0.8729   0.05409  -0.00899  -0.1544   0.8368   0.0105  12.1851  90.2128
 -17.800  -0.8753   0.05319  -0.00977  -0.1548   0.8360   0.0105  12.2346  90.2162
 -17.750  -0.8773   0.05237  -0.01044  -0.1552   0.8351   0.0105  12.2873  90.2204
 -17.700  -0.8794   0.05153  -0.01113  -0.1555   0.8341   0.0105  12.3427  90.2242
 -17.650  -0.8814   0.05071  -0.01179  -0.1558   0.8332   0.0105  12.4008  90.2282
 -17.600  -0.8830   0.04994  -0.01238  -0.1561   0.8321   0.0105  12.4610  90.2325
 -17.550  -0.8850   0.04915  -0.01300  -0.1563   0.8311   0.0105  12.5237  90.2365
 -17.500  -0.8865   0.04842  -0.01355  -0.1565   0.8299   0.0105  12.5889  90.2410
 -17.450  -0.8880   0.04770  -0.01408  -0.1567   0.8288   0.0105  12.6577  90.2456
 -17.400  -0.8898   0.04697  -0.01463  -0.1569   0.8275   0.0105  12.7315  90.2498
 -17.350  -0.8910   0.04629  -0.01510  -0.1571   0.8262   0.0106  12.8111  90.2547
 -17.300  -0.8923   0.04562  -0.01556  -0.1572   0.8247   0.0106  12.8941  90.2594
 -17.200  -0.8948   0.04431  -0.01644  -0.1574   0.8226   0.0106  13.0174  90.2690
 -17.150  -0.8958   0.04369  -0.01684  -0.1575   0.8222   0.0106  13.0466  90.2742
 -17.100  -0.8970   0.04304  -0.01726  -0.1576   0.8216   0.0106  13.0794  90.2791
 -17.050  -0.8978   0.04244  -0.01762  -0.1576   0.8210   0.0106  13.1153  90.2843
 -17.000  -0.8985   0.04187  -0.01795  -0.1576   0.8203   0.0106  13.1544  90.2898
 -16.950  -0.8994   0.04128  -0.01830  -0.1576   0.8196   0.0107  13.1968  90.2951
 -16.900  -0.9002   0.04070  -0.01864  -0.1577   0.8188   0.0107  13.2421  90.3004
 -16.850  -0.9006   0.04016  -0.01891  -0.1576   0.8180   0.0107  13.2897  90.3063
 -16.800  -0.9011   0.03963  -0.01918  -0.1576   0.8172   0.0107  13.3398  90.3120
 -16.750  -0.9018   0.03910  -0.01947  -0.1575   0.8163   0.0107  13.3921  90.3176
 -16.700  -0.9023   0.03857  -0.01974  -0.1575   0.8154   0.0107  13.4464  90.3232
 -16.650  -0.9025   0.03809  -0.01995  -0.1574   0.8145   0.0107  13.5021  90.3294
 -16.600  -0.9026   0.03761  -0.02015  -0.1573   0.8135   0.0108  13.5599  90.3356
 -16.550  -0.9030   0.03713  -0.02037  -0.1572   0.8125   0.0108  13.6207  90.3416
 -16.500  -0.9035   0.03665  -0.02060  -0.1570   0.8114   0.0108  13.6853  90.3475
 -16.450  -0.9035   0.03620  -0.02077  -0.1569   0.8102   0.0108  13.7543  90.3538
 -16.400  -0.9033   0.03577  -0.02091  -0.1567   0.8090   0.0108  13.8278  90.3605
 -16.350  -0.9032   0.03533  -0.02106  -0.1566   0.8077   0.0108  13.9032  90.3671
 -16.250  -0.9033   0.03445  -0.02138  -0.1562   0.8058   0.0109  14.0139  90.3799
 -16.200  -0.9031   0.03403  -0.02151  -0.1561   0.8054   0.0109  14.0376  90.3867
 -16.150  -0.9025   0.03364  -0.02160  -0.1559   0.8050   0.0109  14.0640  90.3940
 -16.100  -0.9018   0.03326  -0.02167  -0.1557   0.8045   0.0109  14.0931  90.4019
 -16.050  -0.9011   0.03288  -0.02173  -0.1555   0.8039   0.0110  14.1252  90.4101
 -16.000  -0.9005   0.03251  -0.02180  -0.1553   0.8034   0.0110  14.1601  90.4187
 -15.950  -0.8999   0.03214  -0.02186  -0.1551   0.8027   0.0110  14.1980  90.4273
 -15.900  -0.8991   0.03178  -0.02190  -0.1549   0.8021   0.0110  14.2382  90.4365
 -15.850  -0.8979   0.03146  -0.02189  -0.1547   0.8014   0.0110  14.2804  90.4464
 -15.800  -0.8966   0.03114  -0.02188  -0.1545   0.8006   0.0111  14.3247  90.4565
 -15.750  -0.8953   0.03082  -0.02187  -0.1542   0.7998   0.0111  14.3711  90.4666
 -15.700  -0.8942   0.03051  -0.02187  -0.1540   0.7990   0.0111  14.4194  90.4765
 -15.650  -0.8932   0.03018  -0.02188  -0.1537   0.7982   0.0111  14.4697  90.4862
 -15.600  -0.8924   0.02986  -0.02189  -0.1535   0.7973   0.0112  14.5221  90.4956
 -15.550  -0.8914   0.02954  -0.02190  -0.1532   0.7964   0.0112  14.5765  90.5050
 -15.500  -0.8902   0.02924  -0.02188  -0.1529   0.7954   0.0112  14.6331  90.5146
 -15.450  -0.8888   0.02894  -0.02185  -0.1527   0.7944   0.0112  14.6934  90.5239
 -15.400  -0.8876   0.02864  -0.02184  -0.1524   0.7933   0.0113  14.7585  90.5327
 -15.350  -0.8866   0.02834  -0.02183  -0.1521   0.7922   0.0113  14.8276  90.5408
 -15.300  -0.8856   0.02803  -0.02183  -0.1518   0.7910   0.0113  14.8995  90.5489
 -15.200  -0.8838   0.02742  -0.02183  -0.1511   0.7891   0.0113  15.0097  90.5649
 -15.150  -0.8825   0.02713  -0.02181  -0.1508   0.7888   0.0114  15.0301  90.5732
 -15.100  -0.8810   0.02685  -0.02176  -0.1506   0.7884   0.0114  15.0529  90.5819
 -15.050  -0.8794   0.02658  -0.02171  -0.1503   0.7880   0.0114  15.0781  90.5906
 -15.000  -0.8779   0.02631  -0.02166  -0.1500   0.7875   0.0114  15.1061  90.5994
 -14.950  -0.8763   0.02605  -0.02160  -0.1496   0.7870   0.0115  15.1368  90.6082
 -14.900  -0.8749   0.02578  -0.02155  -0.1493   0.7865   0.0115  15.1701  90.6169
 -14.850  -0.8734   0.02552  -0.02150  -0.1490   0.7859   0.0115  15.2059  90.6255
 -14.800  -0.8721   0.02526  -0.02145  -0.1487   0.7853   0.0115  15.2440  90.6342
 -14.750  -0.8706   0.02500  -0.02139  -0.1483   0.7846   0.0115  15.2841  90.6429
 -14.700  -0.8688   0.02476  -0.02131  -0.1480   0.7839   0.0116  15.3257  90.6519
 -14.650  -0.8669   0.02453  -0.02122  -0.1477   0.7832   0.0116  15.3687  90.6611
 -14.600  -0.8649   0.02430  -0.02112  -0.1474   0.7825   0.0116  15.4131  90.6704
 -14.550  -0.8630   0.02407  -0.02103  -0.1470   0.7817   0.0116  15.4588  90.6796
 -14.500  -0.8610   0.02385  -0.02093  -0.1467   0.7809   0.0117  15.5059  90.6888
 -14.450  -0.8592   0.02362  -0.02083  -0.1464   0.7801   0.0117  15.5546  90.6979
 -14.400  -0.8573   0.02340  -0.02074  -0.1460   0.7793   0.0117  15.6053  90.7069
 -14.350  -0.8555   0.02318  -0.02065  -0.1456   0.7784   0.0117  15.6586  90.7158
 -14.300  -0.8537   0.02296  -0.02055  -0.1453   0.7775   0.0117  15.7152  90.7247
 -14.250  -0.8517   0.02275  -0.02045  -0.1449   0.7765   0.0118  15.7750  90.7338
 -14.200  -0.8495   0.02255  -0.02032  -0.1446   0.7754   0.0118  15.8369  90.7431
 -14.150  -0.8472   0.02236  -0.02019  -0.1442   0.7744   0.0118  15.8994  90.7524
 -14.050  -0.8424   0.02198  -0.01993  -0.1436   0.7727   0.0119  16.0040  90.7708
 -14.000  -0.8400   0.02179  -0.01980  -0.1432   0.7724   0.0119  16.0197  90.7800
 -13.950  -0.8375   0.02161  -0.01967  -0.1429   0.7721   0.0119  16.0372  90.7891
 -13.900  -0.8351   0.02142  -0.01954  -0.1426   0.7718   0.0119  16.0567  90.7980
 -13.850  -0.8327   0.02123  -0.01941  -0.1422   0.7715   0.0120  16.0780  90.8068
 -13.800  -0.8304   0.02104  -0.01928  -0.1419   0.7711   0.0120  16.1012  90.8155
 -13.750  -0.8279   0.02086  -0.01915  -0.1416   0.7707   0.0120  16.1264  90.8240
 -13.700  -0.8254   0.02068  -0.01901  -0.1412   0.7702   0.0120  16.1533  90.8326
 -13.650  -0.8227   0.02052  -0.01886  -0.1409   0.7698   0.0120  16.1819  90.8412
 -13.600  -0.8198   0.02035  -0.01871  -0.1406   0.7693   0.0121  16.2120  90.8498
 -13.550  -0.8169   0.02020  -0.01855  -0.1403   0.7687   0.0121  16.2437  90.8582
 -13.500  -0.8140   0.02004  -0.01839  -0.1399   0.7682   0.0121  16.2768  90.8664
 -13.450  -0.8111   0.01988  -0.01823  -0.1396   0.7676   0.0121  16.3113  90.8744
 -13.400  -0.8083   0.01973  -0.01808  -0.1393   0.7670   0.0122  16.3470  90.8822
 -13.350  -0.8054   0.01958  -0.01792  -0.1390   0.7664   0.0122  16.3838  90.8898
 -13.300  -0.8025   0.01943  -0.01776  -0.1386   0.7658   0.0122  16.4217  90.8972
 -13.250  -0.7997   0.01928  -0.01761  -0.1383   0.7652   0.0122  16.4606  90.9042
 -13.200  -0.7969   0.01914  -0.01746  -0.1379   0.7645   0.0122  16.5007  90.9110
 -13.150  -0.7941   0.01899  -0.01730  -0.1376   0.7639   0.0122  16.5420  90.9176
 -13.100  -0.7913   0.01885  -0.01714  -0.1372   0.7631   0.0123  16.5848  90.9240
 -13.050  -0.7883   0.01872  -0.01698  -0.1369   0.7624   0.0123  16.6292  90.9303
 -13.000  -0.7851   0.01859  -0.01681  -0.1366   0.7617   0.0123  16.6757  90.9364
 -12.950  -0.7819   0.01846  -0.01664  -0.1363   0.7608   0.0123  16.7250  90.9423
 -12.900  -0.7787   0.01834  -0.01647  -0.1359   0.7600   0.0123  16.7772  90.9480
 -12.850  -0.7754   0.01821  -0.01630  -0.1356   0.7591   0.0123  16.8317  90.9535
 -12.800  -0.7722   0.01809  -0.01613  -0.1353   0.7582   0.0123  16.8868  90.9586
 -12.750  -0.7689   0.01797  -0.01596  -0.1350   0.7573   0.0124  16.9405  90.9636
 -12.650  -0.7623   0.01772  -0.01563  -0.1344   0.7562   0.0124  17.0102  90.9728
 -12.600  -0.7590   0.01760  -0.01546  -0.1341   0.7559   0.0124  17.0237  90.9771
 -12.550  -0.7557   0.01748  -0.01530  -0.1338   0.7557   0.0124  17.0385  90.9811
 -12.500  -0.7524   0.01735  -0.01514  -0.1334   0.7554   0.0124  17.0547  90.9850
 -12.450  -0.7491   0.01723  -0.01498  -0.1331   0.7552   0.0124  17.0725  90.9886
 -12.400  -0.7457   0.01711  -0.01481  -0.1328   0.7548   0.0124  17.0919  90.9921
 -12.350  -0.7423   0.01700  -0.01465  -0.1325   0.7545   0.0124  17.1126  90.9954
 -12.300  -0.7387   0.01689  -0.01448  -0.1322   0.7542   0.0125  17.1344  90.9986
 -12.250  -0.7363   0.01673  -0.01438  -0.1318   0.7538   0.0125  17.1584  91.0119
 -12.200  -0.7346   0.01654  -0.01433  -0.1313   0.7533   0.0126  17.1843  91.0340
 -12.150  -0.7326   0.01636  -0.01425  -0.1308   0.7529   0.0126  17.2115  91.0551
 -12.100  -0.7303   0.01620  -0.01416  -0.1304   0.7524   0.0127  17.2397  91.0754
 -12.050  -0.7278   0.01605  -0.01405  -0.1300   0.7520   0.0127  17.2689  91.0948
 -12.000  -0.7252   0.01591  -0.01394  -0.1296   0.7515   0.0128  17.2991  91.1135
 -11.950  -0.7224   0.01577  -0.01382  -0.1292   0.7510   0.0128  17.3301  91.1317
 -11.900  -0.7196   0.01563  -0.01369  -0.1288   0.7505   0.0129  17.3620  91.1493
 -11.850  -0.7167   0.01551  -0.01356  -0.1284   0.7499   0.0129  17.3947  91.1664
 -11.800  -0.7138   0.01538  -0.01343  -0.1280   0.7494   0.0130  17.4280  91.1831
 -11.750  -0.7106   0.01527  -0.01329  -0.1276   0.7488   0.0130  17.4620  91.1995
 -11.700  -0.7074   0.01516  -0.01315  -0.1273   0.7483   0.0131  17.4966  91.2156
 -11.650  -0.7040   0.01505  -0.01300  -0.1270   0.7477   0.0131  17.5319  91.2314
 -11.600  -0.7005   0.01495  -0.01285  -0.1266   0.7471   0.0132  17.5683  91.2472
 -11.550  -0.6969   0.01485  -0.01269  -0.1263   0.7465   0.0132  17.6061  91.2639
 -11.500  -0.6933   0.01476  -0.01254  -0.1260   0.7458   0.0133  17.6455  91.2811
 -11.450  -0.6897   0.01467  -0.01238  -0.1257   0.7452   0.0133  17.6871  91.2986
 -11.400  -0.6860   0.01458  -0.01222  -0.1254   0.7445   0.0134  17.7309  91.3161
 -11.350  -0.6823   0.01449  -0.01206  -0.1251   0.7437   0.0134  17.7770  91.3332
 -11.300  -0.6786   0.01441  -0.01191  -0.1247   0.7429   0.0134  17.8245  91.3500
 -11.250  -0.6749   0.01432  -0.01175  -0.1244   0.7422   0.0135  17.8723  91.3664
 -11.200  -0.6712   0.01424  -0.01160  -0.1241   0.7414   0.0135  17.9196  91.3823
 -11.100  -0.6639   0.01407  -0.01129  -0.1235   0.7400   0.0136  18.0021  91.4120
 -11.050  -0.6601   0.01398  -0.01115  -0.1232   0.7399   0.0137  18.0121  91.4260
 -11.000  -0.6564   0.01389  -0.01100  -0.1229   0.7397   0.0137  18.0229  91.4393
 -10.950  -0.6525   0.01380  -0.01086  -0.1226   0.7395   0.0137  18.0346  91.4521
 -10.900  -0.6487   0.01372  -0.01071  -0.1223   0.7393   0.0138  18.0472  91.4652
 -10.850  -0.6447   0.01363  -0.01056  -0.1221   0.7391   0.0138  18.0608  91.4783
 -10.800  -0.6407   0.01355  -0.01042  -0.1218   0.7389   0.0139  18.0752  91.4916
 -10.750  -0.6368   0.01347  -0.01028  -0.1215   0.7386   0.0139  18.0907  91.5051
 -10.700  -0.6328   0.01339  -0.01013  -0.1213   0.7384   0.0139  18.1072  91.5187
 -10.650  -0.6288   0.01331  -0.00999  -0.1210   0.7381   0.0140  18.1251  91.5324
 -10.600  -0.6249   0.01323  -0.00986  -0.1207   0.7378   0.0140  18.1442  91.5462
 -10.550  -0.6210   0.01315  -0.00972  -0.1204   0.7374   0.0140  18.1641  91.5602
 -10.500  -0.6171   0.01307  -0.00958  -0.1201   0.7371   0.0141  18.1847  91.5743
 -10.450  -0.6132   0.01300  -0.00945  -0.1198   0.7368   0.0141  18.2061  91.5884
 -10.400  -0.6094   0.01292  -0.00932  -0.1195   0.7364   0.0142  18.2283  91.6026
 -10.350  -0.6055   0.01284  -0.00919  -0.1193   0.7360   0.0142  18.2512  91.6170
 -10.300  -0.6017   0.01276  -0.00906  -0.1190   0.7357   0.0143  18.2749  91.6314
 -10.250  -0.5979   0.01269  -0.00894  -0.1187   0.7353   0.0143  18.2992  91.6459
 -10.200  -0.5940   0.01261  -0.00881  -0.1184   0.7349   0.0143  18.3242  91.6605
 -10.150  -0.5901   0.01254  -0.00868  -0.1181   0.7345   0.0144  18.3496  91.6752
 -10.100  -0.5861   0.01247  -0.00856  -0.1178   0.7340   0.0144  18.3755  91.6899
 -10.050  -0.5821   0.01240  -0.00843  -0.1175   0.7336   0.0145  18.4018  91.7049
 -10.000  -0.5781   0.01233  -0.00831  -0.1172   0.7332   0.0145  18.4286  91.7197
  -9.950  -0.5741   0.01226  -0.00819  -0.1169   0.7327   0.0145  18.4558  91.7345
  -9.900  -0.5701   0.01219  -0.00806  -0.1167   0.7323   0.0146  18.4836  91.7492
  -9.850  -0.5661   0.01213  -0.00794  -0.1164   0.7318   0.0146  18.5120  91.7637
  -9.800  -0.5621   0.01206  -0.00782  -0.1161   0.7314   0.0147  18.5411  91.7782
  -9.750  -0.5581   0.01199  -0.00771  -0.1158   0.7309   0.0147  18.5712  91.7923
  -9.700  -0.5542   0.01193  -0.00759  -0.1155   0.7304   0.0148  18.6023  91.8063
  -9.650  -0.5503   0.01186  -0.00748  -0.1152   0.7299   0.0148  18.6348  91.8200
  -9.600  -0.5463   0.01179  -0.00736  -0.1149   0.7293   0.0148  18.6700  91.8334
  -9.550  -0.5424   0.01173  -0.00725  -0.1146   0.7287   0.0149  18.7058  91.8464
  -9.500  -0.5385   0.01166  -0.00714  -0.1143   0.7281   0.0149  18.7429  91.8592
  -9.450  -0.5346   0.01160  -0.00703  -0.1140   0.7275   0.0149  18.7812  91.8715
  -9.400  -0.5306   0.01154  -0.00692  -0.1138   0.7269   0.0150  18.8203  91.8835
  -9.350  -0.5265   0.01148  -0.00681  -0.1135   0.7262   0.0150  18.8583  91.8951
  -9.300  -0.5224   0.01142  -0.00670  -0.1132   0.7256   0.0150  18.8977  91.9063
  -9.250  -0.5183   0.01137  -0.00659  -0.1129   0.7250   0.0151  18.9353  91.9168
  -9.150  -0.5101   0.01126  -0.00638  -0.1124   0.7239   0.0151  19.0021  91.9364
  -9.100  -0.5058   0.01120  -0.00627  -0.1121   0.7238   0.0152  19.0093  91.9454
  -9.050  -0.5016   0.01114  -0.00617  -0.1119   0.7237   0.0152  19.0170  91.9539
  -9.000  -0.4973   0.01108  -0.00607  -0.1116   0.7236   0.0152  19.0253  91.9617
  -8.950  -0.4931   0.01102  -0.00597  -0.1114   0.7234   0.0152  19.0342  91.9690
  -8.900  -0.4889   0.01096  -0.00587  -0.1111   0.7233   0.0152  19.0436  91.9758
  -8.850  -0.4847   0.01090  -0.00577  -0.1109   0.7231   0.0153  19.0536  91.9820
  -8.800  -0.4805   0.01085  -0.00567  -0.1106   0.7229   0.0153  19.0642  91.9877
  -8.750  -0.4763   0.01079  -0.00558  -0.1104   0.7228   0.0153  19.0753  91.9931
  -8.700  -0.4721   0.01074  -0.00548  -0.1101   0.7226   0.0153  19.0870  91.9980
  -8.650  -0.4683   0.01066  -0.00540  -0.1098   0.7224   0.0154  19.0995  92.0187
  -8.600  -0.4648   0.01058  -0.00533  -0.1094   0.7222   0.0155  19.1126  92.0522
  -8.550  -0.4612   0.01050  -0.00525  -0.1091   0.7219   0.0156  19.1262  92.0856
  -8.500  -0.4575   0.01043  -0.00518  -0.1088   0.7217   0.0157  19.1405  92.1187
  -8.450  -0.4537   0.01036  -0.00510  -0.1084   0.7215   0.0158  19.1553  92.1515
  -8.400  -0.4499   0.01030  -0.00502  -0.1081   0.7212   0.0159  19.1708  92.1837
  -8.350  -0.4461   0.01023  -0.00494  -0.1078   0.7210   0.0160  19.1871  92.2154
  -8.300  -0.4422   0.01017  -0.00486  -0.1075   0.7207   0.0161  19.2042  92.2464
  -8.250  -0.4383   0.01011  -0.00478  -0.1072   0.7204   0.0162  19.2217  92.2766
  -8.200  -0.4343   0.01005  -0.00470  -0.1069   0.7201   0.0163  19.2396  92.3059
  -8.150  -0.4304   0.00999  -0.00462  -0.1066   0.7198   0.0164  19.2579  92.3343
  -8.100  -0.4263   0.00994  -0.00453  -0.1063   0.7195   0.0165  19.2764  92.3618
  -8.050  -0.4222   0.00988  -0.00445  -0.1060   0.7192   0.0166  19.2952  92.3888
  -8.000  -0.4181   0.00983  -0.00437  -0.1057   0.7189   0.0166  19.3143  92.4146
  -7.950  -0.4140   0.00978  -0.00429  -0.1055   0.7186   0.0167  19.3337  92.4398
  -7.900  -0.4098   0.00973  -0.00422  -0.1052   0.7183   0.0168  19.3534  92.4646
  -7.850  -0.4058   0.00968  -0.00414  -0.1049   0.7180   0.0169  19.3735  92.4891
  -7.800  -0.4017   0.00963  -0.00406  -0.1046   0.7177   0.0170  19.3940  92.5134
  -7.750  -0.3976   0.00958  -0.00399  -0.1043   0.7173   0.0170  19.4150  92.5376
  -7.700  -0.3936   0.00953  -0.00391  -0.1040   0.7170   0.0171  19.4363  92.5619
  -7.650  -0.3896   0.00948  -0.00384  -0.1037   0.7166   0.0172  19.4580  92.5861
  -7.600  -0.3855   0.00943  -0.00376  -0.1034   0.7163   0.0173  19.4802  92.6109
  -7.550  -0.3814   0.00939  -0.00369  -0.1032   0.7159   0.0174  19.5028  92.6373
  -7.500  -0.3773   0.00934  -0.00362  -0.1029   0.7156   0.0175  19.5259  92.6638
  -7.450  -0.3731   0.00930  -0.00354  -0.1026   0.7152   0.0175  19.5497  92.6904
  -7.400  -0.3690   0.00925  -0.00347  -0.1023   0.7148   0.0176  19.5746  92.7174
  -7.350  -0.3649   0.00921  -0.00340  -0.1020   0.7144   0.0177  19.5996  92.7435
  -7.300  -0.3609   0.00917  -0.00333  -0.1017   0.7139   0.0178  19.6266  92.7696
  -7.250  -0.3569   0.00912  -0.00326  -0.1014   0.7135   0.0179  19.6542  92.7945
  -7.200  -0.3529   0.00908  -0.00319  -0.1011   0.7130   0.0180  19.6829  92.8182
  -7.150  -0.3489   0.00904  -0.00313  -0.1008   0.7126   0.0180  19.7128  92.8405
  -7.100  -0.3449   0.00899  -0.00306  -0.1005   0.7121   0.0181  19.7428  92.8610
  -7.050  -0.3408   0.00895  -0.00299  -0.1002   0.7116   0.0182  19.7745  92.8805
  -7.000  -0.3368   0.00891  -0.00293  -0.0999   0.7111   0.0182  19.8068  92.8984
  -6.950  -0.3328   0.00887  -0.00286  -0.0996   0.7105   0.0183  19.8394  92.9151
  -6.900  -0.3289   0.00883  -0.00280  -0.0992   0.7100   0.0183  19.8720  92.9306
  -6.850  -0.3250   0.00879  -0.00274  -0.0989   0.7095   0.0184  19.9043  92.9448
  -6.800  -0.3212   0.00875  -0.00267  -0.0986   0.7090   0.0184  19.9366  92.9576
  -6.750  -0.3173   0.00871  -0.00261  -0.0982   0.7085   0.0184  19.9671  92.9692
  -6.650  -0.3094   0.00864  -0.00249  -0.0976   0.7079   0.0185  20.0045  92.9893
  -6.600  -0.3055   0.00860  -0.00243  -0.0972   0.7078   0.0185  20.0102  92.9976
  -6.550  -0.3021   0.00854  -0.00237  -0.0968   0.7077   0.0187  20.0162  93.0362
  -6.500  -0.2989   0.00849  -0.00232  -0.0963   0.7076   0.0189  20.0225  93.0906
  -6.450  -0.2958   0.00844  -0.00227  -0.0958   0.7075   0.0191  20.0291  93.1454
  -6.400  -0.2928   0.00839  -0.00221  -0.0953   0.7074   0.0193  20.0361  93.1999
  -6.350  -0.2899   0.00834  -0.00215  -0.0948   0.7073   0.0195  20.0435  93.2527
  -6.300  -0.2873   0.00830  -0.00209  -0.0942   0.7071   0.0196  20.0513  93.3018
  -6.250  -0.2851   0.00827  -0.00203  -0.0935   0.7070   0.0198  20.0597  93.3464
  -6.200  -0.2829   0.00824  -0.00196  -0.0929   0.7069   0.0200  20.0684  93.3885
  -6.150  -0.2803   0.00822  -0.00190  -0.0922   0.7067   0.0201  20.0773  93.4299
  -6.100  -0.2772   0.00820  -0.00184  -0.0917   0.7066   0.0203  20.0863  93.4719
  -6.050  -0.2735   0.00817  -0.00178  -0.0913   0.7065   0.0204  20.0953  93.5147
  -6.000  -0.2693   0.00814  -0.00173  -0.0910   0.7063   0.0206  20.1045  93.5582
  -5.950  -0.2647   0.00811  -0.00168  -0.0908   0.7062   0.0207  20.1137  93.6022
  -5.900  -0.2601   0.00808  -0.00163  -0.0906   0.7060   0.0209  20.1232  93.6457
  -5.850  -0.2555   0.00805  -0.00159  -0.0904   0.7059   0.0211  20.1329  93.6886
  -5.800  -0.2508   0.00802  -0.00154  -0.0902   0.7057   0.0212  20.1428  93.7308
  -5.750  -0.2460   0.00799  -0.00150  -0.0900   0.7055   0.0214  20.1528  93.7723
  -5.700  -0.2412   0.00796  -0.00145  -0.0898   0.7054   0.0215  20.1631  93.8119
  -5.650  -0.2363   0.00794  -0.00141  -0.0897   0.7052   0.0216  20.1735  93.8494
  -5.600  -0.2314   0.00791  -0.00137  -0.0895   0.7050   0.0218  20.1841  93.8835
  -5.550  -0.2265   0.00788  -0.00133  -0.0894   0.7049   0.0219  20.1949  93.9144
  -5.500  -0.2215   0.00786  -0.00128  -0.0893   0.7047   0.0220  20.2058  93.9418
  -5.450  -0.2165   0.00783  -0.00124  -0.0891   0.7045   0.0221  20.2170  93.9654
  -5.400  -0.2114   0.00781  -0.00120  -0.0890   0.7043   0.0221  20.2284  93.9846
  -5.350  -0.2063   0.00779  -0.00117  -0.0889   0.7042   0.0222  20.2401  94.0047
  -5.300  -0.2015   0.00775  -0.00113  -0.0887   0.7040   0.0226  20.2523  94.1057
  -5.250  -0.1967   0.00772  -0.00110  -0.0886   0.7038   0.0231  20.2648  94.2099
  -5.200  -0.1918   0.00769  -0.00107  -0.0884   0.7036   0.0235  20.2776  94.3128
  -5.150  -0.1868   0.00766  -0.00103  -0.0883   0.7034   0.0239  20.2905  94.4060
  -5.100  -0.1818   0.00763  -0.00100  -0.0881   0.7031   0.0242  20.3034  94.4901
  -5.050  -0.1767   0.00761  -0.00097  -0.0880   0.7029   0.0245  20.3165  94.5668
  -5.000  -0.1716   0.00758  -0.00093  -0.0879   0.7027   0.0249  20.3297  94.6410
  -4.950  -0.1665   0.00755  -0.00090  -0.0878   0.7025   0.0252  20.3430  94.7122
  -4.900  -0.1613   0.00753  -0.00087  -0.0877   0.7023   0.0254  20.3564  94.7795
  -4.850  -0.1560   0.00751  -0.00084  -0.0876   0.7021   0.0257  20.3698  94.8418
  -4.800  -0.1508   0.00748  -0.00081  -0.0876   0.7019   0.0259  20.3834  94.8960
  -4.750  -0.1455   0.00746  -0.00078  -0.0875   0.7017   0.0261  20.3970  94.9417
  -4.700  -0.1401   0.00744  -0.00075  -0.0874   0.7014   0.0263  20.4107  94.9773
  -4.650  -0.1348   0.00742  -0.00073  -0.0874   0.7012   0.0265  20.4245  95.0218
  -4.600  -0.1297   0.00739  -0.00070  -0.0873   0.7010   0.0272  20.4386  95.1737
  -4.550  -0.1245   0.00736  -0.00068  -0.0872   0.7008   0.0279  20.4528  95.3318
  -4.500  -0.1193   0.00734  -0.00065  -0.0871   0.7006   0.0286  20.4671  95.4708
  -4.450  -0.1141   0.00731  -0.00063  -0.0870   0.7003   0.0292  20.4815  95.5907
  -4.400  -0.1088   0.00728  -0.00060  -0.0869   0.7001   0.0297  20.4961  95.7053
  -4.350  -0.1035   0.00726  -0.00058  -0.0869   0.6999   0.0302  20.5108  95.8085
  -4.300  -0.0981   0.00724  -0.00056  -0.0868   0.6996   0.0306  20.5256  95.8970
  -4.250  -0.0927   0.00722  -0.00054  -0.0868   0.6994   0.0309  20.5408  95.9647
  -4.200  -0.0872   0.00720  -0.00051  -0.0867   0.6991   0.0314  20.5562  96.0559
  -4.150  -0.0820   0.00717  -0.00049  -0.0867   0.6989   0.0325  20.5720  96.2604
  -4.100  -0.0767   0.00715  -0.00048  -0.0866   0.6986   0.0336  20.5879  96.4477
  -4.050  -0.0714   0.00712  -0.00046  -0.0865   0.6984   0.0344  20.6046  96.6065
  -4.000  -0.0661   0.00710  -0.00044  -0.0865   0.6981   0.0353  20.6214  96.7568
  -3.950  -0.0607   0.00707  -0.00042  -0.0864   0.6978   0.0360  20.6386  96.8950
  -3.900  -0.0552   0.00705  -0.00040  -0.0864   0.6975   0.0368  20.6562  97.0319
  -3.850  -0.0500   0.00703  -0.00039  -0.0863   0.6973   0.0388  20.6744  97.3396
  -3.800  -0.0447   0.00700  -0.00037  -0.0863   0.6970   0.0404  20.6931  97.6013
  -3.750  -0.0394   0.00697  -0.00036  -0.0862   0.6967   0.0420  20.7120  97.8429
  -3.700  -0.0341   0.00694  -0.00034  -0.0862   0.6964   0.0441  20.7313  98.1472
  -3.650  -0.0291   0.00690  -0.00033  -0.0861   0.6960   0.0474  20.7513  98.5959
  -3.600  -0.0238   0.00687  -0.00032  -0.0860   0.6957   0.0501  20.7712  98.9563
  -3.550  -0.0189   0.00683  -0.00031  -0.0859   0.6954   0.0549  20.7916  99.5211
  -3.500  -0.0137   0.00680  -0.00029  -0.0858   0.6951   0.0587  20.8118  99.9531
  -3.450  -0.0089   0.00675  -0.00029  -0.0857   0.6947   0.0647  20.8325 100.5655
  -3.400  -0.0037   0.00671  -0.00027  -0.0856   0.6944   0.0690  20.8526 100.9850
  -3.350   0.0011   0.00666  -0.00027  -0.0854   0.6941   0.0762  20.8731 101.6163
  -3.300   0.0063   0.00662  -0.00026  -0.0854   0.6938   0.0808  20.8929 102.0140
  -3.250   0.0110   0.00657  -0.00025  -0.0852   0.6935   0.0893  20.9132 102.6759
  -3.200   0.0161   0.00653  -0.00025  -0.0852   0.6932   0.0960  20.9328 103.1858
  -3.150   0.0208   0.00646  -0.00024  -0.0850   0.6928   0.1055  20.9527 103.8670
  -3.100   0.0254   0.00640  -0.00024  -0.0848   0.6925   0.1166  20.9722 104.6262
  -3.050   0.0303   0.00634  -0.00024  -0.0847   0.6922   0.1267  20.9910 105.3060
  -3.000   0.0351   0.00628  -0.00024  -0.0846   0.6921   0.1373  21.0017 105.9949
  -2.950   0.0398   0.00620  -0.00024  -0.0845   0.6920   0.1502  21.0050 106.8177
  -2.900   0.0446   0.00613  -0.00024  -0.0844   0.6919   0.1628  21.0086 107.6059
  -2.850   0.0496   0.00606  -0.00024  -0.0843   0.6919   0.1752  21.0122 108.3718
  -2.800   0.0545   0.00599  -0.00025  -0.0842   0.6918   0.1884  21.0160 109.1743
  -2.750   0.0593   0.00591  -0.00025  -0.0841   0.6918   0.2020  21.0199 110.0000
  -2.700   0.0641   0.00583  -0.00025  -0.0840   0.6917   0.2168  21.0240 110.8874
  -2.600   0.0740   0.00567  -0.00026  -0.0838   0.6916   0.2453  21.0327 112.5839
  -2.550   0.0792   0.00561  -0.00027  -0.0838   0.6915   0.2579  21.0371 113.3244
  -2.500   0.0845   0.00555  -0.00027  -0.0838   0.6914   0.2699  21.0418 114.0338
  -2.450   0.0896   0.00547  -0.00027  -0.0837   0.6913   0.2836  21.0466 114.8342
  -2.400   0.0947   0.00540  -0.00028  -0.0837   0.6913   0.2978  21.0516 115.6687
  -2.350   0.1001   0.00533  -0.00028  -0.0837   0.6912   0.3106  21.0567 116.4154
  -2.300   0.1054   0.00527  -0.00029  -0.0837   0.6911   0.3239  21.0619 117.1946
  -2.250   0.1107   0.00520  -0.00029  -0.0837   0.6910   0.3376  21.0673 117.9962
  -2.200   0.1160   0.00512  -0.00030  -0.0837   0.6909   0.3522  21.0729 118.8489
  -2.100   0.1267   0.00497  -0.00032  -0.0837   0.6907   0.3819  21.0847 120.5817
  -2.050   0.1320   0.00490  -0.00033  -0.0837   0.6907   0.3972  21.0909 121.4725
  -2.000   0.1373   0.00482  -0.00034  -0.0837   0.6905   0.4144  21.0973 122.4741
  -1.950   0.1426   0.00473  -0.00035  -0.0837   0.6904   0.4325  21.1040 123.5335
  -1.900   0.1479   0.00464  -0.00037  -0.0837   0.6903   0.4517  21.1109 124.6531
  -1.850   0.1533   0.00455  -0.00038  -0.0837   0.6902   0.4707  21.1181 125.7652
  -1.800   0.1586   0.00444  -0.00040  -0.0837   0.6901   0.4926  21.1254 127.0549
  -1.750   0.1635   0.00430  -0.00043  -0.0837   0.6900   0.5215  21.1332 128.7656
  -1.700   0.1682   0.00413  -0.00047  -0.0836   0.6899   0.5569  21.1412 130.9009
  -1.650   0.1725   0.00390  -0.00050  -0.0835   0.6897   0.6081  21.1496 134.1548
  -1.600   0.1783   0.00383  -0.00049  -0.0836   0.6896   0.6269  21.1575 135.3612
  -1.550   0.1845   0.00381  -0.00048  -0.0837   0.6895   0.6356  21.1654 135.9120
  -1.500   0.1907   0.00380  -0.00047  -0.0839   0.6894   0.6409  21.1735 136.2441
  -1.450   0.1969   0.00378  -0.00046  -0.0840   0.6892   0.6459  21.1817 136.5569
  -1.400   0.2032   0.00378  -0.00045  -0.0841   0.6891   0.6493  21.1899 136.7700
  -1.350   0.2096   0.00378  -0.00044  -0.0843   0.6890   0.6515  21.1989 136.9080
  -1.300   0.2160   0.00378  -0.00043  -0.0844   0.6888   0.6528  21.2075 136.9922
  -1.250   0.2223   0.00377  -0.00042  -0.0846   0.6886   0.6558  21.2182 137.1751
  -1.200   0.2285   0.00376  -0.00042  -0.0847   0.6885   0.6586  21.2284 137.3475
  -1.150   0.2348   0.00376  -0.00041  -0.0848   0.6883   0.6606  21.2403 137.4727
  -1.100   0.2412   0.00375  -0.00040  -0.0850   0.6881   0.6621  21.2532 137.5628
  -1.050   0.2475   0.00375  -0.00040  -0.0851   0.6879   0.6631  21.2672 137.6288
  -1.000   0.2539   0.00375  -0.00039  -0.0853   0.6876   0.6642  21.2824 137.6963
  -0.950   0.2603   0.00375  -0.00039  -0.0854   0.6874   0.6654  21.2995 137.7697
  -0.900   0.2666   0.00376  -0.00038  -0.0856   0.6871   0.6665  21.3166 137.8365
  -0.850   0.2730   0.00376  -0.00038  -0.0857   0.6868   0.6674  21.3361 137.8925
  -0.800   0.2794   0.00376  -0.00038  -0.0859   0.6864   0.6681  21.3578 137.9348
  -0.750   0.2857   0.00377  -0.00037  -0.0860   0.6861   0.6685  21.3807 137.9628
  -0.700   0.2920   0.00377  -0.00037  -0.0861   0.6857   0.6688  21.4054 137.9799
  -0.650   0.2984   0.00378  -0.00037  -0.0863   0.6853   0.6690  21.4305 137.9936
  -0.600   0.3046   0.00378  -0.00037  -0.0864   0.6849   0.6696  21.4573 138.0267
  -0.550   0.3109   0.00378  -0.00037  -0.0865   0.6844   0.6705  21.4850 138.0813
  -0.500   0.3171   0.00378  -0.00037  -0.0866   0.6840   0.6714  21.5138 138.1360
  -0.450   0.3233   0.00378  -0.00037  -0.0868   0.6835   0.6722  21.5440 138.1877
  -0.400   0.3295   0.00378  -0.00037  -0.0869   0.6830   0.6731  21.5748 138.2399
  -0.350   0.3357   0.00378  -0.00037  -0.0870   0.6825   0.6740  21.6064 138.2925
  -0.300   0.3419   0.00378  -0.00037  -0.0871   0.6820   0.6748  21.6388 138.3458
  -0.250   0.3481   0.00378  -0.00037  -0.0872   0.6815   0.6757  21.6700 138.4002
  -0.200   0.3543   0.00378  -0.00037  -0.0873   0.6810   0.6766  21.7025 138.4515
  -0.150   0.3605   0.00379  -0.00037  -0.0875   0.6805   0.6774  21.7350 138.5015
  -0.100   0.3667   0.00379  -0.00037  -0.0876   0.6800   0.6782  21.7675 138.5494
  -0.050   0.3728   0.00380  -0.00037  -0.0877   0.6795   0.6789  21.8013 138.5957
   0.000   0.3790   0.00381  -0.00037  -0.0878   0.6789   0.6797  21.8361 138.6416
   0.000   0.3790   0.00381  -0.00037  -0.0878   0.6789   0.6797  21.8375 138.6407
   0.000   0.3790   0.00381  -0.00037  -0.0878   0.6789   0.6797  21.8375 138.6407
   0.050   0.3852   0.00381  -0.00037  -0.0879   0.6783   0.6803  21.8741 138.6805
   0.100   0.3914   0.00382  -0.00037  -0.0880   0.6777   0.6809  21.9128 138.7154
   0.150   0.3975   0.00383  -0.00037  -0.0881   0.6771   0.6814  21.9530 138.7474
   0.200   0.4037   0.00384  -0.00037  -0.0882   0.6764   0.6819  21.9941 138.7779
   0.250   0.4101   0.00384  -0.00037  -0.0884   0.6762   0.6824  22.0073 138.8071
   0.300   0.4165   0.00384  -0.00037  -0.0885   0.6761   0.6828  22.0172 138.8326
   0.350   0.4229   0.00384  -0.00038  -0.0887   0.6759   0.6832  22.0281 138.8566
   0.400   0.4293   0.00385  -0.00038  -0.0889   0.6757   0.6836  22.0402 138.8786
   0.450   0.4357   0.00385  -0.00039  -0.0890   0.6755   0.6839  22.0541 138.8990
   0.500   0.4421   0.00385  -0.00039  -0.0892   0.6752   0.6842  22.0695 138.9173
   0.550   0.4485   0.00385  -0.00040  -0.0893   0.6750   0.6845  22.0860 138.9341
   0.600   0.4549   0.00385  -0.00040  -0.0895   0.6747   0.6848  22.1037 138.9489
   0.650   0.4613   0.00385  -0.00041  -0.0896   0.6744   0.6850  22.1228 138.9623
   0.700   0.4677   0.00386  -0.00042  -0.0898   0.6741   0.6852  22.1428 138.9741
   0.750   0.4740   0.00386  -0.00042  -0.0899   0.6738   0.6853  22.1635 138.9844
   0.800   0.4804   0.00386  -0.00043  -0.0901   0.6734   0.6855  22.1851 138.9932
   0.850   0.4868   0.00387  -0.00044  -0.0902   0.6731   0.6857  22.2074 139.0068
   0.900   0.4931   0.00386  -0.00045  -0.0903   0.6727   0.6864  22.2305 139.0473
   0.950   0.4994   0.00386  -0.00046  -0.0905   0.6723   0.6870  22.2555 139.0855
   1.000   0.5057   0.00386  -0.00046  -0.0906   0.6719   0.6876  22.2825 139.1212
   1.050   0.5120   0.00385  -0.00047  -0.0908   0.6714   0.6882  22.3128 139.1540
   1.100   0.5182   0.00385  -0.00048  -0.0909   0.6709   0.6887  22.3476 139.1840
   1.150   0.5245   0.00385  -0.00050  -0.0910   0.6703   0.6891  22.3846 139.2108
   1.200   0.5307   0.00386  -0.00051  -0.0911   0.6697   0.6895  22.4248 139.2345
   1.250   0.5369   0.00386  -0.00052  -0.0912   0.6690   0.6898  22.4679 139.2553
   1.300   0.5430   0.00386  -0.00053  -0.0913   0.6683   0.6901  22.5132 139.2736
   1.350   0.5492   0.00387  -0.00054  -0.0914   0.6676   0.6904  22.5604 139.2900
   1.400   0.5553   0.00387  -0.00056  -0.0915   0.6668   0.6907  22.6101 139.3051
   1.450   0.5613   0.00388  -0.00057  -0.0916   0.6660   0.6909  22.6616 139.3191
   1.500   0.5674   0.00388  -0.00058  -0.0917   0.6652   0.6911  22.7148 139.3327
   1.550   0.5734   0.00389  -0.00059  -0.0918   0.6643   0.6913  22.7723 139.3458
   1.600   0.5795   0.00390  -0.00060  -0.0919   0.6634   0.6916  22.8279 139.3588
   1.650   0.5855   0.00391  -0.00062  -0.0919   0.6626   0.6918  22.8811 139.3716
   1.700   0.5916   0.00392  -0.00063  -0.0920   0.6618   0.6920  22.9288 139.3844
   1.750   0.5976   0.00392  -0.00064  -0.0921   0.6611   0.6922  22.9743 139.3967
   1.800   0.6038   0.00393  -0.00066  -0.0922   0.6606   0.6924  23.0042 139.4086
   1.850   0.6102   0.00393  -0.00067  -0.0924   0.6605   0.6926  23.0148 139.4205
   1.900   0.6166   0.00393  -0.00069  -0.0925   0.6603   0.6928  23.0269 139.4321
   1.950   0.6229   0.00393  -0.00070  -0.0927   0.6601   0.6930  23.0399 139.4436
   2.000   0.6293   0.00393  -0.00072  -0.0928   0.6599   0.6932  23.0537 139.4548
   2.050   0.6356   0.00393  -0.00074  -0.0929   0.6596   0.6934  23.0706 139.4660
   2.100   0.6420   0.00393  -0.00075  -0.0931   0.6593   0.6935  23.0931 139.4769
   2.150   0.6483   0.00393  -0.00077  -0.0932   0.6587   0.6937  23.1267 139.4879
   2.200   0.6547   0.00393  -0.00079  -0.0934   0.6580   0.6939  23.1735 139.4987
   2.250   0.6610   0.00393  -0.00081  -0.0935   0.6571   0.6941  23.2350 139.5094
   2.300   0.6672   0.00393  -0.00083  -0.0936   0.6559   0.6943  23.3104 139.5202
   2.350   0.6733   0.00394  -0.00085  -0.0937   0.6548   0.6944  23.3834 139.5309
   2.400   0.6794   0.00394  -0.00088  -0.0938   0.6537   0.6946  23.4543 139.5415
   2.450   0.6855   0.00395  -0.00090  -0.0939   0.6526   0.6948  23.5223 139.5521
   2.500   0.6915   0.00396  -0.00092  -0.0939   0.6517   0.6950  23.5848 139.5627
   2.550   0.6975   0.00397  -0.00094  -0.0940   0.6505   0.6951  23.6575 139.5732
   2.600   0.7034   0.00398  -0.00096  -0.0940   0.6492   0.6953  23.7445 139.5837
   2.650   0.7091   0.00400  -0.00099  -0.0940   0.6475   0.6955  23.8536 139.5942
   2.700   0.7148   0.00401  -0.00101  -0.0940   0.6455   0.6957  23.9849 139.6048
   2.750   0.7210   0.00402  -0.00103  -0.0941   0.6444   0.6958  24.0566 139.6150
   2.800   0.7273   0.00402  -0.00106  -0.0943   0.6429   0.6960  24.1517 139.6250
   2.850   0.7333   0.00403  -0.00109  -0.0943   0.6407   0.6962  24.2972 139.6352
   2.900   0.7389   0.00405  -0.00111  -0.0943   0.6370   0.6963  24.5398 139.6455
   2.950   0.7435   0.00409  -0.00114  -0.0941   0.6317   0.6965  24.8897 139.6563
   3.000   0.7488   0.00412  -0.00117  -0.0940   0.6266   0.6967  25.2248 139.6667
   3.050   0.7521   0.00419  -0.00119  -0.0935   0.6154   0.6969  25.9662 139.6778
   3.100   0.7534   0.00432  -0.00119  -0.0926   0.5969   0.6971  27.2023 139.6900
   3.150   0.7525   0.00450  -0.00118  -0.0913   0.5744   0.6973  28.6838 139.7032
   3.200   0.7516   0.00468  -0.00115  -0.0899   0.5551   0.6975  29.9208 139.7166
   3.250   0.7514   0.00484  -0.00113  -0.0888   0.5386   0.6977  30.9539 139.7296
   3.300   0.7516   0.00498  -0.00111  -0.0876   0.5234   0.6980  31.8970 139.7424
   3.350   0.7519   0.00511  -0.00110  -0.0866   0.5090   0.6982  32.7795 139.7551
   3.400   0.7526   0.00522  -0.00110  -0.0856   0.4960   0.6984  33.5748 139.7676
   3.450   0.7529   0.00534  -0.00109  -0.0845   0.4837   0.6986  34.3239 139.7801
   3.500   0.7531   0.00546  -0.00109  -0.0834   0.4723   0.6988  35.0175 139.7926
   3.550   0.7542   0.00555  -0.00110  -0.0824   0.4620   0.6990  35.6429 139.8043
   3.600   0.7542   0.00564  -0.00111  -0.0813   0.4530   0.6992  36.1894 139.8163
   3.650   0.7536   0.00571  -0.00114  -0.0800   0.4450   0.6994  36.6730 139.8285
   3.700   0.7522   0.00578  -0.00116  -0.0785   0.4369   0.6996  37.1616 139.8407
   3.750   0.7512   0.00587  -0.00119  -0.0771   0.4280   0.6998  37.6997 139.8523
   3.800   0.7499   0.00597  -0.00120  -0.0757   0.4189   0.7000  38.2477 139.8638
   3.850   0.7481   0.00608  -0.00122  -0.0741   0.4096   0.7002  38.8101 139.8750
   3.950   0.7447   0.00633  -0.00126  -0.0712   0.3907   0.7005  39.9589 139.8961
   4.000   0.7438   0.00644  -0.00127  -0.0699   0.3810   0.7007  40.5411 139.9056
   4.050   0.7418   0.00658  -0.00129  -0.0684   0.3717   0.7008  41.1075 139.9152
   4.100   0.7406   0.00670  -0.00131  -0.0670   0.3625   0.7010  41.6661 139.9242
   4.150   0.7393   0.00683  -0.00132  -0.0657   0.3532   0.7011  42.2308 139.9328
   4.200   0.7378   0.00697  -0.00133  -0.0643   0.3444   0.7013  42.7619 139.9411
   4.250   0.7369   0.00710  -0.00134  -0.0630   0.3354   0.7014  43.3087 139.9489
   4.300   0.7354   0.00724  -0.00135  -0.0617   0.3264   0.7015  43.8583 139.9565
   4.400   0.7337   0.00752  -0.00136  -0.0593   0.3096   0.7017  44.8819 139.9702
   4.500   0.7334   0.00778  -0.00137  -0.0571   0.2939   0.7019  45.8421 139.9822
   4.550   0.7339   0.00790  -0.00138  -0.0562   0.2867   0.7020  46.2806 139.9876
   4.600   0.7337   0.00804  -0.00138  -0.0551   0.2793   0.7021  46.7387 139.9928
   4.650   0.7344   0.00817  -0.00139  -0.0542   0.2720   0.7022  47.1892 139.9975
   4.700   0.7349   0.00830  -0.00139  -0.0533   0.2649   0.7024  47.6223 140.0120
   4.750   0.7348   0.00844  -0.00139  -0.0523   0.2579   0.7029  48.0613 140.0392
   4.800   0.7358   0.00856  -0.00140  -0.0515   0.2514   0.7033  48.4617 140.0659
   4.850   0.7355   0.00872  -0.00139  -0.0504   0.2435   0.7038  48.9517 140.0944
   4.900   0.7372   0.00883  -0.00140  -0.0498   0.2373   0.7043  49.3439 140.1208
   4.950   0.7369   0.00899  -0.00139  -0.0487   0.2296   0.7048  49.8236 140.1500
   5.000   0.7379   0.00912  -0.00139  -0.0479   0.2231   0.7052  50.2319 140.1777
   5.050   0.7384   0.00927  -0.00139  -0.0471   0.2166   0.7057  50.6450 140.2061
   5.100   0.7393   0.00940  -0.00139  -0.0463   0.2097   0.7062  51.0815 140.2336
   5.150   0.7411   0.00952  -0.00139  -0.0456   0.2039   0.7066  51.4486 140.2597
   5.200   0.7416   0.00968  -0.00138  -0.0447   0.1968   0.7071  51.9004 140.2867
   5.250   0.7437   0.00979  -0.00139  -0.0442   0.1918   0.7075  52.2224 140.3114
   5.300   0.7448   0.00993  -0.00138  -0.0434   0.1862   0.7079  52.5869 140.3364
   5.350   0.7456   0.01008  -0.00138  -0.0426   0.1796   0.7083  53.0137 140.3608
   5.400   0.7480   0.01019  -0.00138  -0.0421   0.1749   0.7087  53.3191 140.3826
   5.450   0.7486   0.01035  -0.00137  -0.0413   0.1679   0.7091  53.7802 140.4055
   5.500   0.7506   0.01047  -0.00137  -0.0407   0.1618   0.7094  54.1806 140.4263
   5.550   0.7519   0.01062  -0.00137  -0.0400   0.1556   0.7098  54.5977 140.4473
   5.600   0.7527   0.01078  -0.00135  -0.0392   0.1489   0.7101  55.0500 140.4681
   5.650   0.7544   0.01092  -0.00135  -0.0386   0.1435   0.7105  55.4184 140.4877
   5.700   0.7547   0.01110  -0.00133  -0.0377   0.1361   0.7108  55.9261 140.5081
   5.750   0.7570   0.01122  -0.00133  -0.0372   0.1309   0.7111  56.2904 140.5264
   5.800   0.7575   0.01140  -0.00131  -0.0364   0.1234   0.7114  56.8193 140.5458
   5.850   0.7600   0.01152  -0.00131  -0.0359   0.1179   0.7117  57.2129 140.5635
   5.900   0.7607   0.01169  -0.00129  -0.0351   0.1108   0.7121  57.7324 140.5823
   5.950   0.7625   0.01183  -0.00128  -0.0345   0.1050   0.7124  58.1637 140.6001
   6.000   0.7638   0.01199  -0.00127  -0.0339   0.0996   0.7127  58.5788 140.6180
   6.050   0.7652   0.01215  -0.00125  -0.0332   0.0935   0.7130  59.0502 140.6356
   6.100   0.7676   0.01228  -0.00126  -0.0327   0.0893   0.7132  59.3951 140.6523
   6.150   0.7689   0.01244  -0.00124  -0.0321   0.0834   0.7135  59.8747 140.6695
   6.200   0.7719   0.01255  -0.00125  -0.0317   0.0795   0.7138  60.2116 140.6855
   6.250   0.7741   0.01269  -0.00125  -0.0312   0.0751   0.7141  60.6053 140.7016
   6.300   0.7765   0.01282  -0.00125  -0.0307   0.0702   0.7143  61.0505 140.7176
   6.350   0.7795   0.01293  -0.00126  -0.0303   0.0670   0.7146  61.3706 140.7328
   6.400   0.7810   0.01310  -0.00124  -0.0297   0.0622   0.7149  61.8451 140.7488
   6.450   0.7838   0.01322  -0.00125  -0.0292   0.0588   0.7151  62.2034 140.7637
   6.500   0.7858   0.01336  -0.00124  -0.0287   0.0551   0.7154  62.6285 140.7783
   6.550   0.7881   0.01350  -0.00124  -0.0282   0.0510   0.7156  63.1022 140.7924
   6.600   0.7908   0.01363  -0.00124  -0.0278   0.0479   0.7158  63.5106 140.8057
   6.650   0.7931   0.01377  -0.00124  -0.0273   0.0440   0.7160  64.0258 140.8188
   6.700   0.7963   0.01388  -0.00126  -0.0270   0.0416   0.7162  64.3829 140.8312
   6.750   0.7990   0.01401  -0.00126  -0.0265   0.0388   0.7165  64.8033 140.8435
   6.800   0.8024   0.01411  -0.00128  -0.0262   0.0367   0.7167  65.1443 140.8552
   6.850   0.8060   0.01421  -0.00130  -0.0259   0.0352   0.7168  65.4114 140.8665
   6.900   0.8093   0.01431  -0.00132  -0.0256   0.0335   0.7170  65.6991 140.8776
   6.950   0.8127   0.01442  -0.00134  -0.0253   0.0318   0.7172  66.0119 140.8884
   7.000   0.8165   0.01451  -0.00137  -0.0250   0.0310   0.7174  66.1658 140.8987
   7.050   0.8200   0.01461  -0.00139  -0.0247   0.0302   0.7176  66.3261 140.9087
   7.100   0.8235   0.01472  -0.00141  -0.0244   0.0294   0.7177  66.4947 140.9185
   7.150   0.8268   0.01483  -0.00143  -0.0241   0.0285   0.7179  66.6775 140.9279
   7.200   0.8302   0.01494  -0.00145  -0.0238   0.0274   0.7180  66.8935 140.9369
   7.250   0.8340   0.01503  -0.00148  -0.0236   0.0267   0.7182  67.0396 140.9454
   7.300   0.8379   0.01512  -0.00151  -0.0233   0.0263   0.7183  67.1367 140.9535
   7.350   0.8418   0.01521  -0.00155  -0.0231   0.0258   0.7184  67.2493 140.9612
   7.400   0.8456   0.01530  -0.00158  -0.0228   0.0253   0.7186  67.3726 140.9686
   7.450   0.8494   0.01540  -0.00161  -0.0226   0.0247   0.7187  67.5035 140.9756
   7.500   0.8532   0.01550  -0.00165  -0.0223   0.0241   0.7188  67.6441 140.9822
   7.550   0.8569   0.01559  -0.00168  -0.0221   0.0234   0.7189  67.8021 140.9885
   7.600   0.8608   0.01569  -0.00172  -0.0218   0.0227   0.7190  67.9640 140.9944
   7.650   0.8649   0.01577  -0.00176  -0.0216   0.0224   0.7191  68.0362 140.9999
   7.700   0.8690   0.01585  -0.00181  -0.0214   0.0222   0.7196  68.0972 141.0286
   7.750   0.8731   0.01593  -0.00185  -0.0212   0.0219   0.7201  68.1726 141.0590
   7.800   0.8771   0.01602  -0.00190  -0.0210   0.0216   0.7206  68.2608 141.0902
   7.850   0.8809   0.01611  -0.00194  -0.0208   0.0212   0.7212  68.3585 141.1222
   7.900   0.8846   0.01621  -0.00197  -0.0205   0.0208   0.7217  68.4629 141.1546
   7.950   0.8881   0.01632  -0.00201  -0.0202   0.0204   0.7223  68.5737 141.1874
   8.000   0.8916   0.01643  -0.00204  -0.0199   0.0199   0.7228  68.6949 141.2199
   8.050   0.8951   0.01654  -0.00207  -0.0197   0.0194   0.7234  68.8325 141.2518
   8.100   0.8987   0.01665  -0.00211  -0.0194   0.0189   0.7239  68.9765 141.2828
   8.150   0.9026   0.01674  -0.00215  -0.0192   0.0187   0.7244  69.0369 141.3125
   8.200   0.9065   0.01683  -0.00220  -0.0190   0.0185   0.7249  69.0968 141.3412
   8.250   0.9105   0.01693  -0.00225  -0.0187   0.0182   0.7254  69.1730 141.3689
   8.300   0.9144   0.01702  -0.00230  -0.0185   0.0179   0.7258  69.2645 141.3956
   8.350   0.9183   0.01712  -0.00235  -0.0183   0.0176   0.7263  69.3683 141.4215
   8.400   0.9221   0.01722  -0.00240  -0.0180   0.0172   0.7267  69.4812 141.4466
   8.450   0.9259   0.01732  -0.00244  -0.0178   0.0168   0.7271  69.6018 141.4712
   8.500   0.9296   0.01743  -0.00249  -0.0176   0.0164   0.7275  69.7348 141.4951
   8.550   0.9333   0.01753  -0.00254  -0.0173   0.0159   0.7279  69.8871 141.5185
   8.600   0.9372   0.01763  -0.00259  -0.0171   0.0155   0.7283  70.0129 141.5415
   8.650   0.9412   0.01773  -0.00265  -0.0169   0.0153   0.7287  70.0681 141.5639
   8.700   0.9452   0.01782  -0.00271  -0.0167   0.0151   0.7291  70.1377 141.5860
   8.750   0.9492   0.01792  -0.00277  -0.0164   0.0149   0.7295  70.2184 141.6078
   8.800   0.9529   0.01803  -0.00282  -0.0162   0.0146   0.7298  70.3059 141.6294
   8.850   0.9565   0.01814  -0.00287  -0.0160   0.0144   0.7302  70.3973 141.6507
   8.900   0.9600   0.01826  -0.00291  -0.0157   0.0141   0.7306  70.4911 141.6718
   8.950   0.9635   0.01839  -0.00296  -0.0154   0.0138   0.7309  70.5879 141.6925
   9.000   0.9669   0.01851  -0.00300  -0.0151   0.0135   0.7313  70.6922 141.7128
   9.050   0.9704   0.01863  -0.00305  -0.0149   0.0132   0.7316  70.8090 141.7328
   9.100   0.9739   0.01875  -0.00310  -0.0146   0.0128   0.7319  70.9320 141.7523
   9.150   0.9776   0.01886  -0.00316  -0.0144   0.0126   0.7323  71.0114 141.7713
   9.200   0.9815   0.01897  -0.00322  -0.0141   0.0125   0.7326  71.0429 141.7899
   9.250   0.9854   0.01907  -0.00329  -0.0139   0.0124   0.7329  71.0798 141.8079
   9.300   0.9893   0.01918  -0.00335  -0.0137   0.0123   0.7332  71.1214 141.8254
   9.350   0.9932   0.01929  -0.00342  -0.0135   0.0122   0.7335  71.1669 141.8423
   9.400   0.9971   0.01940  -0.00349  -0.0133   0.0121   0.7337  71.2152 141.8583
   9.450   1.0010   0.01950  -0.00356  -0.0131   0.0120   0.7340  71.2654 141.8736
   9.500   1.0048   0.01962  -0.00363  -0.0129   0.0118   0.7342  71.3166 141.8881
   9.550   1.0087   0.01973  -0.00370  -0.0126   0.0117   0.7345  71.3687 141.9022
   9.600   1.0125   0.01984  -0.00377  -0.0124   0.0116   0.7347  71.4211 141.9155
   9.650   1.0163   0.01995  -0.00384  -0.0122   0.0114   0.7349  71.4741 141.9283
   9.700   1.0200   0.02007  -0.00391  -0.0120   0.0113   0.7351  71.5278 141.9405
   9.750   1.0237   0.02020  -0.00397  -0.0117   0.0111   0.7353  71.5825 141.9520
   9.800   1.0271   0.02033  -0.00403  -0.0115   0.0110   0.7355  71.6392 141.9630
   9.850   1.0305   0.02047  -0.00409  -0.0112   0.0109   0.7357  71.6987 141.9732
   9.900   1.0338   0.02061  -0.00414  -0.0109   0.0107   0.7359  71.7600 141.9828
   9.950   1.0372   0.02075  -0.00420  -0.0106   0.0105   0.7360  71.8221 141.9916
  10.000   1.0405   0.02089  -0.00426  -0.0104   0.0104   0.7361  71.8841 141.9996
  10.050   1.0439   0.02103  -0.00432  -0.0101   0.0102   0.7368  71.9438 142.0393
  10.100   1.0472   0.02117  -0.00438  -0.0098   0.0101   0.7375  72.0000 142.0792
  10.150   1.0510   0.02129  -0.00446  -0.0096   0.0101   0.7383  72.0106 142.1218
  10.200   1.0548   0.02140  -0.00454  -0.0094   0.0100   0.7390  72.0225 142.1646
  10.250   1.0586   0.02152  -0.00463  -0.0092   0.0100   0.7397  72.0356 142.2072
  10.300   1.0624   0.02164  -0.00471  -0.0090   0.0100   0.7405  72.0500 142.2487
  10.350   1.0663   0.02176  -0.00480  -0.0087   0.0100   0.7411  72.0656 142.2889
  10.400   1.0701   0.02188  -0.00488  -0.0085   0.0099   0.7418  72.0822 142.3272
  10.450   1.0739   0.02200  -0.00497  -0.0083   0.0099   0.7424  72.0999 142.3640
  10.500   1.0776   0.02212  -0.00506  -0.0081   0.0098   0.7430  72.1183 142.3987
  10.550   1.0814   0.02224  -0.00515  -0.0079   0.0098   0.7436  72.1376 142.4319
  10.600   1.0852   0.02236  -0.00524  -0.0077   0.0097   0.7442  72.1574 142.4639
  10.650   1.0889   0.02248  -0.00534  -0.0074   0.0097   0.7447  72.1777 142.4947
  10.700   1.0926   0.02261  -0.00542  -0.0072   0.0097   0.7452  72.1983 142.5249
  10.750   1.0960   0.02275  -0.00550  -0.0070   0.0096   0.7457  72.2189 142.5543
  10.800   1.0994   0.02290  -0.00558  -0.0067   0.0096   0.7462  72.2395 142.5830
  10.850   1.1028   0.02305  -0.00565  -0.0065   0.0095   0.7467  72.2602 142.6112
  10.900   1.1061   0.02320  -0.00573  -0.0062   0.0095   0.7472  72.2811 142.6387
  10.950   1.1096   0.02335  -0.00581  -0.0060   0.0094   0.7476  72.3022 142.6655
  11.000   1.1130   0.02349  -0.00589  -0.0057   0.0094   0.7481  72.3235 142.6917
  11.050   1.1165   0.02364  -0.00598  -0.0055   0.0093   0.7485  72.3449 142.7172
  11.100   1.1200   0.02378  -0.00607  -0.0052   0.0093   0.7490  72.3662 142.7418
  11.150   1.1235   0.02393  -0.00616  -0.0050   0.0092   0.7494  72.3874 142.7656
  11.200   1.1271   0.02407  -0.00626  -0.0048   0.0092   0.7498  72.4085 142.7886
  11.250   1.1306   0.02421  -0.00635  -0.0046   0.0091   0.7502  72.4295 142.8107
  11.300   1.1342   0.02436  -0.00645  -0.0043   0.0091   0.7505  72.4503 142.8320
  11.350   1.1378   0.02450  -0.00655  -0.0041   0.0090   0.7509  72.4709 142.8524
  11.400   1.1413   0.02464  -0.00665  -0.0039   0.0090   0.7512  72.4915 142.8719
  11.450   1.1449   0.02479  -0.00675  -0.0036   0.0089   0.7515  72.5120 142.8908
  11.500   1.1484   0.02494  -0.00686  -0.0034   0.0089   0.7518  72.5324 142.9083
  11.550   1.1520   0.02509  -0.00696  -0.0032   0.0089   0.7521  72.5529 142.9244
  11.600   1.1555   0.02524  -0.00706  -0.0030   0.0088   0.7524  72.5733 142.9395
  11.650   1.1589   0.02540  -0.00716  -0.0027   0.0088   0.7526  72.5935 142.9535
  11.700   1.1621   0.02557  -0.00724  -0.0025   0.0087   0.7528  72.6136 142.9667
  11.750   1.1652   0.02575  -0.00733  -0.0022   0.0087   0.7531  72.6336 142.9788
  11.800   1.1682   0.02593  -0.00740  -0.0019   0.0086   0.7532  72.6539 142.9900
  11.950   1.1775   0.02646  -0.00766  -0.0011   0.0085   0.7550  72.7168 143.0917
  12.000   1.1806   0.02663  -0.00775  -0.0009   0.0084   0.7558  72.7393 143.1384
  12.050   1.1837   0.02681  -0.00784  -0.0006   0.0084   0.7567  72.7636 143.1865
  12.100   1.1869   0.02698  -0.00794  -0.0004   0.0083   0.7575  72.7896 143.2341
  12.150   1.1899   0.02716  -0.00803  -0.0001   0.0083   0.7583  72.8171 143.2799
  12.200   1.1930   0.02734  -0.00812   0.0002   0.0082   0.7591  72.8458 143.3235
  12.250   1.1960   0.02753  -0.00820   0.0004   0.0081   0.7598  72.8753 143.3645
  12.300   1.1989   0.02772  -0.00829   0.0007   0.0081   0.7605  72.9054 143.4035
  12.350   1.2018   0.02792  -0.00837   0.0010   0.0080   0.7611  72.9352 143.4409
  12.400   1.2045   0.02812  -0.00844   0.0013   0.0079   0.7617  72.9644 143.4771
  12.450   1.2071   0.02834  -0.00850   0.0016   0.0079   0.7623  72.9917 143.5124
  12.500   1.2101   0.02853  -0.00859   0.0018   0.0079   0.7629  73.0028 143.5466
  12.550   1.2132   0.02872  -0.00868   0.0021   0.0079   0.7635  73.0068 143.5804
  12.600   1.2161   0.02892  -0.00877   0.0023   0.0078   0.7641  73.0111 143.6133
  12.650   1.2191   0.02912  -0.00886   0.0026   0.0078   0.7647  73.0155 143.6456
  12.700   1.2221   0.02931  -0.00896   0.0028   0.0078   0.7652  73.0203 143.6770
  12.750   1.2252   0.02951  -0.00906   0.0031   0.0078   0.7658  73.0253 143.7075
  12.800   1.2283   0.02970  -0.00916   0.0033   0.0078   0.7663  73.0307 143.7370
  12.850   1.2315   0.02989  -0.00927   0.0036   0.0078   0.7668  73.0363 143.7656
  12.900   1.2347   0.03008  -0.00938   0.0038   0.0078   0.7672  73.0422 143.7932
  12.950   1.2379   0.03027  -0.00949   0.0040   0.0078   0.7677  73.0484 143.8195
  13.000   1.2411   0.03045  -0.00961   0.0042   0.0078   0.7681  73.0549 143.8446
  13.050   1.2443   0.03064  -0.00973   0.0045   0.0077   0.7686  73.0618 143.8684
  13.100   1.2475   0.03084  -0.00985   0.0047   0.0077   0.7689  73.0688 143.8907
  13.150   1.2507   0.03103  -0.00997   0.0049   0.0077   0.7693  73.0762 143.9119
  13.200   1.2539   0.03122  -0.01009   0.0051   0.0077   0.7697  73.0838 143.9315
  13.250   1.2571   0.03142  -0.01021   0.0053   0.0077   0.7700  73.0916 143.9498
  13.300   1.2602   0.03162  -0.01032   0.0056   0.0077   0.7703  73.0996 143.9665
  13.350   1.2631   0.03183  -0.01042   0.0058   0.0077   0.7705  73.1076 143.9817
  13.400   1.2658   0.03206  -0.01051   0.0061   0.0076   0.7708  73.1157 143.9956
  13.500   1.2709   0.03253  -0.01067   0.0066   0.0076   0.7724  73.1322 144.0866
  13.550   1.2736   0.03277  -0.01075   0.0068   0.0076   0.7733  73.1408 144.1416
  13.600   1.2763   0.03299  -0.01085   0.0071   0.0076   0.7743  73.1496 144.1968
  13.650   1.2791   0.03322  -0.01094   0.0073   0.0076   0.7752  73.1585 144.2502
  13.700   1.2819   0.03344  -0.01105   0.0076   0.0075   0.7761  73.1676 144.3008
  13.750   1.2847   0.03367  -0.01115   0.0078   0.0075   0.7769  73.1767 144.3486
  13.800   1.2876   0.03389  -0.01126   0.0080   0.0075   0.7777  73.1859 144.3939
  13.850   1.2904   0.03412  -0.01136   0.0083   0.0075   0.7785  73.1952 144.4373
  13.900   1.2933   0.03435  -0.01147   0.0085   0.0075   0.7792  73.2046 144.4791
  13.950   1.2961   0.03458  -0.01158   0.0087   0.0074   0.7799  73.2140 144.5197
  14.000   1.2989   0.03481  -0.01169   0.0090   0.0074   0.7806  73.2234 144.5592
  14.050   1.3017   0.03505  -0.01179   0.0092   0.0074   0.7813  73.2328 144.5978
  14.100   1.3043   0.03530  -0.01188   0.0094   0.0074   0.7820  73.2419 144.6355
  14.150   1.3065   0.03557  -0.01194   0.0097   0.0074   0.7826  73.2508 144.6722
  14.200   1.3087   0.03586  -0.01199   0.0099   0.0073   0.7832  73.2596 144.7079
  14.250   1.3109   0.03614  -0.01205   0.0102   0.0073   0.7838  73.2684 144.7423
  14.300   1.3132   0.03642  -0.01211   0.0105   0.0073   0.7844  73.2772 144.7753
  14.350   1.3156   0.03669  -0.01219   0.0107   0.0073   0.7850  73.2861 144.8069
  14.400   1.3180   0.03696  -0.01226   0.0109   0.0073   0.7855  73.2951 144.8368
  14.450   1.3204   0.03723  -0.01235   0.0112   0.0073   0.7860  73.3040 144.8652
  14.500   1.3229   0.03750  -0.01243   0.0114   0.0072   0.7865  73.3129 144.8917
  14.550   1.3254   0.03776  -0.01252   0.0116   0.0072   0.7869  73.3217 144.9163
  14.600   1.3279   0.03803  -0.01260   0.0118   0.0072   0.7873  73.3305 144.9390
  14.650   1.3304   0.03830  -0.01269   0.0121   0.0072   0.7876  73.3392 144.9599
  14.700   1.3329   0.03858  -0.01278   0.0123   0.0072   0.7880  73.3478 144.9790
  14.750   1.3353   0.03886  -0.01285   0.0125   0.0072   0.7883  73.3562 144.9963
  14.850   1.3390   0.03950  -0.01291   0.0130   0.0071   0.7902  73.3720 145.1037
  14.900   1.3408   0.03983  -0.01293   0.0133   0.0071   0.7912  73.3797 145.1644
  14.950   1.3427   0.04015  -0.01296   0.0135   0.0071   0.7923  73.3874 145.2244
  15.000   1.3446   0.04047  -0.01299   0.0137   0.0071   0.7933  73.3951 145.2814
  15.050   1.3466   0.04079  -0.01304   0.0140   0.0071   0.7942  73.4028 145.3350
  15.100   1.3487   0.04110  -0.01309   0.0142   0.0071   0.7951  73.4105 145.3858
  15.150   1.3508   0.04141  -0.01314   0.0144   0.0070   0.7959  73.4181 145.4343
  15.200   1.3530   0.04172  -0.01319   0.0146   0.0070   0.7967  73.4257 145.4812
  15.250   1.3551   0.04204  -0.01325   0.0148   0.0070   0.7975  73.4331 145.5266
  15.300   1.3572   0.04235  -0.01330   0.0150   0.0070   0.7983  73.4405 145.5707
  15.350   1.3593   0.04268  -0.01334   0.0153   0.0070   0.7990  73.4478 145.6137
  15.400   1.3609   0.04304  -0.01335   0.0155   0.0070   0.7998  73.4546 145.6555
  15.450   1.3623   0.04342  -0.01332   0.0157   0.0070   0.8005  73.4612 145.6959
  15.500   1.3637   0.04381  -0.01328   0.0159   0.0069   0.8012  73.4677 145.7349
  15.550   1.3652   0.04418  -0.01327   0.0162   0.0069   0.8018  73.4742 145.7722
  15.600   1.3668   0.04455  -0.01326   0.0164   0.0069   0.8024  73.4807 145.8077
  15.650   1.3685   0.04492  -0.01326   0.0166   0.0069   0.8030  73.4873 145.8413
  15.700   1.3702   0.04528  -0.01327   0.0168   0.0069   0.8036  73.4938 145.8728
  15.750   1.3720   0.04564  -0.01328   0.0170   0.0069   0.8041  73.5003 145.9021
  15.800   1.3738   0.04600  -0.01329   0.0171   0.0069   0.8045  73.5067 145.9292
  15.850   1.3755   0.04637  -0.01330   0.0173   0.0068   0.8050  73.5131 145.9541
  15.900   1.3772   0.04675  -0.01329   0.0175   0.0068   0.8054  73.5193 145.9767
  15.950   1.3783   0.04717  -0.01323   0.0177   0.0068   0.8057  73.5251 145.9974
  16.050   1.3803   0.04805  -0.01305   0.0181   0.0068   0.8078  73.5362 146.1157
  16.100   1.3815   0.04847  -0.01299   0.0183   0.0068   0.8089  73.5419 146.1799
  16.150   1.3828   0.04888  -0.01294   0.0185   0.0068   0.8099  73.5476 146.2426
  16.200   1.3841   0.04930  -0.01289   0.0186   0.0068   0.8110  73.5533 146.3017
  16.250   1.3855   0.04971  -0.01285   0.0188   0.0068   0.8119  73.5590 146.3576
  16.300   1.3869   0.05012  -0.01281   0.0190   0.0067   0.8128  73.5647 146.4109
  16.350   1.3883   0.05054  -0.01276   0.0191   0.0067   0.8137  73.5703 146.4621
  16.400   1.3893   0.05100  -0.01266   0.0193   0.0067   0.8146  73.5756 146.5116
  16.450   1.3899   0.05150  -0.01250   0.0195   0.0067   0.8154  73.5806 146.5595
  16.500   1.3905   0.05199  -0.01236   0.0196   0.0067   0.8162  73.5856 146.6059
  16.550   1.3914   0.05247  -0.01223   0.0198   0.0067   0.8170  73.5907 146.6511
  16.600   1.3923   0.05295  -0.01212   0.0199   0.0067   0.8177  73.5959 146.6947
  16.650   1.3934   0.05341  -0.01202   0.0200   0.0067   0.8184  73.6011 146.7366
  16.700   1.3944   0.05388  -0.01192   0.0202   0.0067   0.8191  73.6062 146.7767
  16.750   1.3955   0.05435  -0.01181   0.0203   0.0067   0.8198  73.6114 146.8148
  16.800   1.3962   0.05486  -0.01165   0.0204   0.0066   0.8204  73.6163 146.8504
  16.850   1.3965   0.05541  -0.01143   0.0205   0.0066   0.8210  73.6208 146.8835
  16.900   1.3968   0.05596  -0.01122   0.0207   0.0066   0.8215  73.6254 146.9142
  16.950   1.3973   0.05649  -0.01103   0.0208   0.0066   0.8220  73.6301 146.9426
  17.000   1.3980   0.05701  -0.01086   0.0208   0.0066   0.8224  73.6349 146.9687
  17.050   1.3987   0.05753  -0.01070   0.0209   0.0066   0.8229  73.6397 146.9927
  17.150   1.3998   0.05861  -0.01031   0.0211   0.0066   0.8248  73.6489 147.1056
  17.200   1.3998   0.05922  -0.01002   0.0212   0.0066   0.8259  73.6532 147.1709
  17.250   1.3999   0.05982  -0.00975   0.0212   0.0066   0.8270  73.6575 147.2350
  17.300   1.4002   0.06040  -0.00950   0.0213   0.0066   0.8280  73.6619 147.2959
  17.350   1.4005   0.06097  -0.00927   0.0214   0.0066   0.8290  73.6664 147.3537
  17.400   1.4010   0.06154  -0.00904   0.0214   0.0065   0.8299  73.6709 147.4090
  17.450   1.4012   0.06214  -0.00878   0.0215   0.0065   0.8308  73.6753 147.4622
  17.500   1.4009   0.06280  -0.00842   0.0215   0.0065   0.8317  73.6792 147.5127
  17.550   1.4006   0.06346  -0.00807   0.0215   0.0065   0.8325  73.6832 147.5620
  17.600   1.4006   0.06409  -0.00775   0.0215   0.0065   0.8333  73.6874 147.6103
  17.650   1.4008   0.06472  -0.00745   0.0215   0.0065   0.8341  73.6917 147.6572
  17.700   1.4010   0.06534  -0.00716   0.0215   0.0065   0.8349  73.6960 147.7027
  17.750   1.4008   0.06601  -0.00679   0.0215   0.0065   0.8356  73.7000 147.7458
  17.800   1.4001   0.06673  -0.00635   0.0215   0.0065   0.8363  73.7038 147.7867
  17.850   1.3997   0.06744  -0.00594   0.0214   0.0065   0.8369  73.7076 147.8257
  17.900   1.3994   0.06812  -0.00555   0.0214   0.0065   0.8376  73.7116 147.8628
  17.950   1.3993   0.06879  -0.00519   0.0213   0.0065   0.8382  73.7157 147.8979
  18.000   1.3991   0.06948  -0.00480   0.0213   0.0064   0.8387  73.7198 147.9308
  18.050   1.3982   0.07025  -0.00428   0.0212   0.0064   0.8392  73.7234 147.9605
  18.100   1.3974   0.07102  -0.00378   0.0211   0.0064   0.8397  73.7270 147.9885
  18.200   1.3965   0.07248  -0.00287   0.0209   0.0064   0.8416  73.7347 148.1040
  18.250   1.3960   0.07323  -0.00241   0.0208   0.0064   0.8428  73.7386 148.1741
  18.300   1.3948   0.07406  -0.00181   0.0207   0.0064   0.8439  73.7420 148.2412
  18.350   1.3938   0.07488  -0.00123   0.0205   0.0064   0.8450  73.7455 148.3048
  18.400   1.3930   0.07567  -0.00069   0.0204   0.0064   0.8460  73.7492 148.3655
  18.450   1.3924   0.07644  -0.00018   0.0202   0.0064   0.8470  73.7530 148.4260
  18.500   1.3915   0.07726   0.00040   0.0201   0.0064   0.8479  73.7566 148.4821
  18.550   1.3900   0.07816   0.00110   0.0199   0.0064   0.8488  73.7598 148.5369
  18.600   1.3888   0.07902   0.00175   0.0196   0.0064   0.8497  73.7632 148.5898
  18.650   1.3878   0.07986   0.00235   0.0195   0.0064   0.8506  73.7668 148.6426
  18.700   1.3870   0.08069   0.00295   0.0193   0.0064   0.8514  73.7705 148.6939
  18.750   1.3854   0.08162   0.00371   0.0190   0.0063   0.8522  73.7737 148.7406
  18.800   1.3837   0.08256   0.00448   0.0187   0.0063   0.8530  73.7769 148.7863
  18.850   1.3824   0.08345   0.00518   0.0185   0.0063   0.8537  73.7803 148.8302
  18.900   1.3813   0.08433   0.00586   0.0182   0.0063   0.8544  73.7838 148.8725
  18.950   1.3797   0.08528   0.00666   0.0179   0.0063   0.8551  73.7870 148.9110
  19.000   1.3778   0.08629   0.00754   0.0176   0.0063   0.8557  73.7900 148.9475
  19.050   1.3762   0.08724   0.00834   0.0172   0.0063   0.8562  73.7933 148.9817
  19.200   1.3709   0.09023   0.01096   0.0162   0.0063   0.8595  73.8027 149.1794
  19.250   1.3691   0.09124   0.01185   0.0158   0.0063   0.8606  73.8059 149.2488
  19.300   1.3675   0.09221   0.01270   0.0155   0.0063   0.8618  73.8093 149.3193
  19.350   1.3654   0.09327   0.01369   0.0150   0.0063   0.8628  73.8122 149.3847
  19.400   1.3631   0.09438   0.01476   0.0146   0.0063   0.8639  73.8150 149.4461
  19.450   1.3611   0.09543   0.01573   0.0142   0.0063   0.8649  73.8182 149.5086
  19.500   1.3593   0.09645   0.01668   0.0138   0.0063   0.8659  73.8214 149.5704
  19.550   1.3568   0.09760   0.01783   0.0133   0.0062   0.8668  73.8242 149.6272
  19.600   1.3544   0.09874   0.01896   0.0128   0.0062   0.8677  73.8270 149.6832
  19.650   1.3524   0.09981   0.02001   0.0123   0.0062   0.8687  73.8301 149.7388
  19.700   1.3502   0.10091   0.02111   0.0118   0.0062   0.8695  73.8332 149.7918
  19.750   1.3474   0.10213   0.02239   0.0112   0.0062   0.8703  73.8357 149.8389
  19.800   1.3449   0.10327   0.02358   0.0107   0.0062   0.8711  73.8386 149.8874
  19.850   1.3428   0.10438   0.02472   0.0101   0.0062   0.8719  73.8417 149.9357
  19.900   1.3400   0.10561   0.02604   0.0095   0.0062   0.8726  73.8443 149.9794
  20.000   1.3348   0.10800   0.02863   0.0083   0.0062   0.8750  73.8500 150.1253
