 -20.000  -0.6068   0.23104   0.27559   0.0154   1.0000   0.0038   1.0000  88.1529
 -19.950  -0.6048   0.23045   0.27444   0.0150   1.0000   0.0039   1.0000  88.1621
 -19.900  -0.6028   0.22985   0.27329   0.0145   1.0000   0.0039   1.0000  88.1715
 -19.850  -0.6009   0.22926   0.27213   0.0141   1.0000   0.0039   1.0000  88.1811
 -19.800  -0.5989   0.22867   0.27099   0.0137   1.0000   0.0039   1.0000  88.1908
 -19.750  -0.5969   0.22809   0.26987   0.0133   1.0000   0.0039   1.0000  88.1993
 -19.700  -0.5949   0.22750   0.26875   0.0128   1.0000   0.0039   1.0000  88.2081
 -19.650  -0.5929   0.22692   0.26762   0.0124   1.0000   0.0039   1.0000  88.2173
 -19.600  -0.5909   0.22633   0.26649   0.0120   1.0000   0.0039   1.0000  88.2269
 -19.550  -0.5889   0.22574   0.26537   0.0116   1.0000   0.0040   1.0000  88.2368
 -19.500  -0.5869   0.22514   0.26424   0.0112   1.0000   0.0040   1.0000  88.2469
 -19.450  -0.5850   0.22455   0.26310   0.0108   1.0000   0.0040   1.0000  88.2575
 -19.400  -0.5830   0.22394   0.26197   0.0103   1.0000   0.0040   1.0000  88.2686
 -19.350  -0.5810   0.22334   0.26082   0.0099   1.0000   0.0040   1.0000  88.2802
 -19.300  -0.5791   0.22273   0.25967   0.0095   1.0000   0.0040   1.0000  88.2923
 -19.250  -0.5771   0.22211   0.25851   0.0091   1.0000   0.0041   1.0000  88.3049
 -19.200  -0.5752   0.22149   0.25735   0.0087   1.0000   0.0041   1.0000  88.3181
 -19.150  -0.5733   0.22086   0.25617   0.0083   1.0000   0.0041   1.0000  88.3318
 -19.100  -0.5713   0.22022   0.25498   0.0078   1.0000   0.0041   1.0000  88.3460
 -19.050  -0.5695   0.21957   0.25379   0.0074   1.0000   0.0041   1.0000  88.3607
 -19.000  -0.5676   0.21892   0.25257   0.0070   1.0000   0.0042   1.0000  88.3758
 -18.950  -0.5657   0.21825   0.25135   0.0066   1.0000   0.0042   1.0000  88.3914
 -18.900  -0.5639   0.21758   0.25011   0.0062   1.0000   0.0042   1.0000  88.4073
 -18.850  -0.5621   0.21689   0.24885   0.0057   1.0000   0.0042   1.0000  88.4233
 -18.800  -0.5603   0.21619   0.24757   0.0053   1.0000   0.0043   1.0000  88.4396
 -18.750  -0.5585   0.21547   0.24627   0.0049   1.0000   0.0043   1.0000  88.4558
 -18.700  -0.5568   0.21475   0.24495   0.0044   1.0000   0.0043   1.0000  88.4720
 -18.650  -0.5551   0.21400   0.24360   0.0040   1.0000   0.0043   1.0000  88.4880
 -18.600  -0.5534   0.21324   0.24223   0.0036   1.0000   0.0044   1.0000  88.5039
 -18.550  -0.5518   0.21246   0.24083   0.0031   1.0000   0.0044   1.0000  88.5195
 -18.500  -0.5502   0.21166   0.23940   0.0027   1.0000   0.0044   1.0000  88.5351
 -18.450  -0.5486   0.21084   0.23794   0.0023   1.0000   0.0044   1.0000  88.5506
 -18.400  -0.5472   0.21000   0.23643   0.0018   1.0000   0.0045   1.0000  88.5663
 -18.350  -0.5457   0.20913   0.23489   0.0014   1.0000   0.0045   1.0000  88.5824
 -18.300  -0.5443   0.20824   0.23333   0.0009   1.0000   0.0045   1.0000  88.5989
 -18.250  -0.5430   0.20733   0.23172   0.0005   1.0000   0.0045   1.0000  88.6169
 -18.200  -0.5418   0.20637   0.23003  -0.0000   1.0000   0.0046   1.0000  88.6380
 -18.150  -0.5408   0.20532   0.22820  -0.0005   1.0000   0.0046   1.0000  88.6654
 -18.100  -0.5402   0.20410   0.22608  -0.0010   1.0000   0.0047   1.0000  88.7079
 -18.050  -0.5409   0.20230   0.22284  -0.0017   1.0000   0.0049   1.0000  88.8146
 -18.000  -0.5407   0.20093   0.22041  -0.0023   1.0000   0.0050   1.0000  88.8959
 -17.950  -0.5393   0.20008   0.21894  -0.0027   1.0000   0.0050   1.0000  88.9284
 -17.900  -0.5377   0.19934   0.21769  -0.0031   1.0000   0.0051   1.0000  88.9495
 -17.850  -0.5392   0.19734   0.21419  -0.0039   1.0000   0.0053   1.0000  89.0765
 -17.800  -0.5376   0.19663   0.21303  -0.0044   1.0000   0.0053   1.0000  89.0960
 -17.750  -0.5358   0.19597   0.21197  -0.0048   1.0000   0.0054   1.0000  89.1100
 -17.700  -0.5340   0.19533   0.21093  -0.0052   1.0000   0.0054   1.0000  89.1220
 -17.650  -0.5322   0.19469   0.20992  -0.0055   1.0000   0.0054   1.0000  89.1330
 -17.600  -0.5303   0.19406   0.20891  -0.0059   1.0000   0.0054   1.0000  89.1434
 -17.550  -0.5285   0.19343   0.20791  -0.0063   1.0000   0.0054   1.0000  89.1536
 -17.500  -0.5267   0.19281   0.20691  -0.0067   1.0000   0.0055   1.0000  89.1636
 -17.450  -0.5248   0.19218   0.20592  -0.0071   1.0000   0.0055   1.0000  89.1736
 -17.400  -0.5230   0.19154   0.20492  -0.0075   1.0000   0.0055   1.0000  89.1837
 -17.350  -0.5212   0.19091   0.20392  -0.0078   1.0000   0.0055   1.0000  89.1939
 -17.300  -0.5194   0.19027   0.20292  -0.0082   1.0000   0.0055   1.0000  89.2043
 -17.250  -0.5176   0.18963   0.20192  -0.0086   1.0000   0.0055   1.0000  89.2150
 -17.200  -0.5158   0.18898   0.20091  -0.0090   1.0000   0.0056   1.0000  89.2260
 -17.150  -0.5141   0.18832   0.19989  -0.0094   1.0000   0.0056   1.0000  89.2374
 -17.100  -0.5124   0.18766   0.19886  -0.0098   1.0000   0.0056   1.0000  89.2492
 -17.050  -0.5107   0.18699   0.19782  -0.0101   1.0000   0.0056   1.0000  89.2616
 -17.000  -0.5090   0.18631   0.19677  -0.0105   1.0000   0.0056   1.0000  89.2745
 -16.950  -0.5074   0.18562   0.19571  -0.0109   1.0000   0.0057   1.0000  89.2880
 -16.900  -0.5058   0.18491   0.19462  -0.0113   1.0000   0.0057   1.0000  89.3023
 -16.850  -0.5042   0.18419   0.19352  -0.0117   1.0000   0.0057   1.0000  89.3174
 -16.800  -0.5027   0.18346   0.19238  -0.0121   1.0000   0.0058   1.0000  89.3335
 -16.750  -0.5013   0.18270   0.19122  -0.0125   1.0000   0.0058   1.0000  89.3507
 -16.700  -0.4999   0.18193   0.19005  -0.0129   1.0000   0.0058   1.0000  89.3680
 -16.650  -0.4985   0.18115   0.18887  -0.0133   1.0000   0.0058   1.0000  89.3861
 -16.600  -0.4973   0.18033   0.18763  -0.0137   1.0000   0.0059   1.0000  89.4061
 -16.550  -0.4962   0.17947   0.18631  -0.0141   1.0000   0.0059   1.0000  89.4289
 -16.500  -0.4953   0.17854   0.18490  -0.0146   1.0000   0.0060   1.0000  89.4558
 -16.450  -0.5273   0.16746   0.16628  -0.0187   1.0000   0.0073   1.0000  90.1643
 -16.400  -0.5263   0.16666   0.16517  -0.0191   1.0000   0.0074   1.0000  90.1884
 -16.350  -0.5249   0.16594   0.16419  -0.0195   1.0000   0.0074   1.0000  90.2069
 -16.300  -0.5235   0.16525   0.16326  -0.0199   1.0000   0.0074   1.0000  90.2231
 -16.250  -0.5220   0.16457   0.16236  -0.0202   1.0000   0.0075   1.0000  90.2384
 -16.200  -0.5206   0.16389   0.16146  -0.0206   1.0000   0.0075   1.0000  90.2532
 -16.150  -0.5191   0.16321   0.16056  -0.0209   1.0000   0.0075   1.0000  90.2682
 -16.100  -0.5178   0.16252   0.15964  -0.0213   1.0000   0.0076   1.0000  90.2835
 -16.050  -0.5165   0.16180   0.15870  -0.0217   1.0000   0.0076   1.0000  90.2997
 -16.000  -0.5153   0.16105   0.15770  -0.0221   1.0000   0.0076   1.0000  90.3173
 -15.950  -0.5144   0.16024   0.15660  -0.0225   1.0000   0.0077   1.0000  90.3377
 -15.850  -0.5687   0.14532   0.13253  -0.0297   1.0000   0.0087   1.0000  90.8137
 -15.800  -0.5726   0.14353   0.12994  -0.0306   1.0000   0.0087   1.0000  90.8387
 -15.700  -0.5850   0.13912   0.12344  -0.0330   1.0000   0.0088   1.0000  90.8844
 -15.650  -0.5873   0.13776   0.12160  -0.0337   1.0000   0.0089   1.0000  90.8971
 -15.600  -0.5894   0.13645   0.11983  -0.0344   1.0000   0.0089   1.0000  90.9084
 -15.550  -0.5915   0.13514   0.11809  -0.0351   1.0000   0.0089   1.0000  90.9186
 -15.500  -0.5941   0.13374   0.11622  -0.0359   1.0000   0.0089   1.0000  90.9282
 -15.450  -0.5999   0.13172   0.11336  -0.0370   1.0000   0.0090   1.0000  90.9381
 -15.400  -0.6022   0.13039   0.11163  -0.0377   1.0000   0.0090   1.0000  90.9456
 -15.350  -0.6040   0.12917   0.11008  -0.0384   1.0000   0.0090   1.0000  90.9523
 -15.300  -0.6058   0.12797   0.10856  -0.0391   1.0000   0.0090   1.0000  90.9585
 -15.250  -0.6075   0.12678   0.10708  -0.0397   1.0000   0.0090   1.0000  90.9641
 -15.200  -0.6093   0.12560   0.10560  -0.0403   1.0000   0.0090   1.0000  90.9693
 -15.150  -0.6113   0.12439   0.10409  -0.0410   1.0000   0.0090   1.0000  90.9742
 -15.100  -0.6139   0.12307   0.10241  -0.0417   1.0000   0.0090   1.0000  90.9786
 -15.050  -0.6188   0.12135   0.10012  -0.0427   1.0000   0.0090   1.0000  90.9824
 -15.000  -0.6210   0.12009   0.09857  -0.0434   1.0000   0.0091   1.0000  90.9861
 -14.950  -0.6231   0.11888   0.09709  -0.0441   1.0000   0.0091   1.0000  90.9896
 -14.900  -0.6250   0.11770   0.09567  -0.0448   1.0000   0.0091   1.0000  90.9929
 -14.850  -0.6269   0.11654   0.09427  -0.0454   1.0000   0.0091   1.0000  90.9960
 -14.800  -0.6288   0.11537   0.09289  -0.0461   1.0000   0.0091   1.0000  90.9988
 -14.750  -0.6321   0.11397   0.09114  -0.0469   1.0000   0.0091   1.0000  91.0090
 -14.700  -0.6367   0.11237   0.08911  -0.0479   1.0000   0.0091   1.0000  91.0232
 -14.650  -0.6428   0.11053   0.08670  -0.0490   1.0000   0.0092   1.0000  91.0325
 -14.600  -0.6481   0.10882   0.08452  -0.0500   1.0000   0.0092   1.0000  91.0418
 -14.550  -0.6521   0.10733   0.08268  -0.0509   1.0000   0.0092   1.0000  91.0527
 -14.500  -0.6560   0.10588   0.08091  -0.0518   1.0000   0.0092   1.0000  91.0630
 -14.450  -0.6598   0.10446   0.07917  -0.0527   1.0000   0.0093   1.0000  91.0726
 -14.400  -0.6639   0.10299   0.07738  -0.0536   1.0000   0.0093   1.0000  91.0805
 -14.350  -0.6684   0.10147   0.07551  -0.0545   1.0000   0.0093   1.0000  91.0870
 -14.300  -0.6742   0.09978   0.07337  -0.0556   1.0000   0.0093   1.0000  91.0900
 -14.250  -0.6813   0.09786   0.07092  -0.0569   1.0000   0.0093   1.0000  91.0891
 -14.200  -0.6862   0.09630   0.06901  -0.0579   1.0000   0.0093   1.0000  91.0928
 -14.150  -0.6911   0.09476   0.06713  -0.0589   1.0000   0.0093   1.0000  91.0961
 -14.100  -0.6962   0.09321   0.06523  -0.0599   1.0000   0.0093   1.0000  91.0982
 -14.050  -0.7017   0.09161   0.06327  -0.0610   1.0000   0.0093   1.0000  91.0990
 -14.000  -0.7080   0.08989   0.06113  -0.0621   1.0000   0.0093   1.0000  91.0971
 -13.950  -0.7168   0.08783   0.05847  -0.0636   1.0000   0.0093   1.0000  91.0882
 -13.900  -0.7238   0.08605   0.05624  -0.0649   1.0000   0.0093   1.0000  91.0833
 -13.850  -0.7304   0.08437   0.05416  -0.0661   1.0000   0.0093   1.0000  91.0792
 -13.800  -0.7372   0.08268   0.05206  -0.0673   1.0000   0.0093   1.0000  91.0743
 -13.750  -0.7443   0.08092   0.04987  -0.0686   1.0000   0.0092   1.0000  91.0679
 -13.700  -0.7524   0.07905   0.04751  -0.0700   1.0000   0.0092   1.0000  91.0585
 -13.650  -0.7620   0.07701   0.04490  -0.0715   1.0000   0.0092   1.0000  91.0445
 -13.600  -0.7697   0.07523   0.04268  -0.0729   1.0000   0.0092   1.0000  91.0354
 -13.550  -0.7773   0.07349   0.04052  -0.0742   1.0000   0.0091   1.0000  91.0265
 -13.500  -0.7850   0.07174   0.03836  -0.0756   1.0000   0.0091   1.0000  91.0169
 -13.450  -0.7930   0.06998   0.03617  -0.0770   1.0000   0.0091   1.0000  91.0059
 -13.400  -0.8089   0.06719   0.03244  -0.0793   1.0000   0.0091   1.0000  90.9946
 -13.350  -0.8257   0.06436   0.02863  -0.0816   1.0000   0.0091   1.0000  90.9870
 -13.300  -0.8442   0.06142   0.02463  -0.0841   1.0000   0.0090   1.0000  90.9773
 -13.200  -0.9837   0.03193  -0.01533  -0.1220   0.9911   0.0087   2.0814  90.8318
 -13.150  -0.9878   0.03049  -0.01691  -0.1230   0.9884   0.0087   2.3266  90.8335
 -13.100  -0.9902   0.02923  -0.01820  -0.1239   0.9860   0.0087   2.5431  90.8373
 -13.050  -0.9915   0.02813  -0.01925  -0.1246   0.9839   0.0087   2.7391  90.8424
 -13.000  -0.9921   0.02717  -0.02012  -0.1250   0.9818   0.0088   2.9264  90.8484
 -12.950  -0.9924   0.02633  -0.02082  -0.1253   0.9799   0.0088   3.0862  90.8546
 -12.900  -0.9924   0.02559  -0.02141  -0.1253   0.9779   0.0088   3.2427  90.8612
 -12.850  -0.9920   0.02489  -0.02192  -0.1254   0.9758   0.0088   3.4093  90.8683
 -12.800  -0.9911   0.02425  -0.02236  -0.1253   0.9737   0.0088   3.5731  90.8757
 -12.750  -0.9899   0.02364  -0.02273  -0.1253   0.9717   0.0088   3.7320  90.8833
 -12.700  -0.9883   0.02308  -0.02304  -0.1252   0.9697   0.0089   3.8894  90.8911
 -12.650  -0.9863   0.02254  -0.02330  -0.1251   0.9680   0.0089   4.0249  90.8992
 -12.600  -0.9838   0.02203  -0.02351  -0.1250   0.9668   0.0089   4.1132  90.9075
 -12.550  -0.9811   0.02154  -0.02368  -0.1249   0.9653   0.0089   4.2158  90.9157
 -12.500  -0.9782   0.02108  -0.02380  -0.1248   0.9638   0.0089   4.3272  90.9240
 -12.450  -0.9751   0.02066  -0.02389  -0.1246   0.9621   0.0089   4.4426  90.9321
 -12.400  -0.9718   0.02025  -0.02395  -0.1244   0.9605   0.0090   4.5594  90.9400
 -12.350  -0.9683   0.01987  -0.02397  -0.1242   0.9588   0.0090   4.6772  90.9478
 -12.300  -0.9647   0.01951  -0.02397  -0.1240   0.9572   0.0090   4.7977  90.9554
 -12.250  -0.9610   0.01916  -0.02394  -0.1238   0.9554   0.0090   4.9211  90.9628
 -12.200  -0.9569   0.01883  -0.02389  -0.1236   0.9540   0.0090   5.0221  90.9701
 -12.150  -0.9526   0.01850  -0.02381  -0.1235   0.9530   0.0090   5.0860  90.9771
 -12.100  -0.9481   0.01820  -0.02371  -0.1233   0.9519   0.0091   5.1601  90.9838
 -12.050  -0.9436   0.01790  -0.02360  -0.1231   0.9507   0.0091   5.2421  90.9902
 -12.000  -0.9390   0.01762  -0.02347  -0.1230   0.9494   0.0091   5.3305  90.9963
 -11.950  -0.9348   0.01728  -0.02344  -0.1228   0.9479   0.0091   5.4294  91.0091
 -11.900  -0.9313   0.01686  -0.02355  -0.1226   0.9463   0.0092   5.5395  91.0350
 -11.850  -0.9274   0.01648  -0.02358  -0.1224   0.9446   0.0092   5.6493  91.0603
 -11.800  -0.9233   0.01615  -0.02355  -0.1221   0.9430   0.0093   5.7604  91.0848
 -11.750  -0.9188   0.01585  -0.02348  -0.1219   0.9413   0.0093   5.8740  91.1088
 -11.650  -0.9092   0.01532  -0.02321  -0.1215   0.9386   0.0095   6.0503  91.1557
 -11.600  -0.9041   0.01508  -0.02304  -0.1213   0.9376   0.0095   6.1136  91.1785
 -11.550  -0.8988   0.01486  -0.02285  -0.1212   0.9365   0.0096   6.1853  91.2008
 -11.500  -0.8935   0.01465  -0.02264  -0.1210   0.9353   0.0096   6.2645  91.2227
 -11.450  -0.8881   0.01445  -0.02242  -0.1208   0.9340   0.0097   6.3508  91.2442
 -11.400  -0.8827   0.01426  -0.02219  -0.1206   0.9325   0.0097   6.4429  91.2653
 -11.350  -0.8772   0.01409  -0.02195  -0.1204   0.9310   0.0098   6.5404  91.2862
 -11.300  -0.8718   0.01392  -0.02170  -0.1202   0.9294   0.0098   6.6447  91.3074
 -11.250  -0.8662   0.01376  -0.02145  -0.1200   0.9277   0.0099   6.7540  91.3276
 -11.200  -0.8607   0.01361  -0.02120  -0.1198   0.9259   0.0099   6.8723  91.3482
 -11.150  -0.8551   0.01347  -0.02094  -0.1196   0.9239   0.0100   7.0014  91.3689
 -11.100  -0.8493   0.01332  -0.02068  -0.1194   0.9229   0.0100   7.0663  91.3901
 -11.050  -0.8435   0.01317  -0.02041  -0.1193   0.9216   0.0101   7.1465  91.4113
 -11.000  -0.8377   0.01303  -0.02015  -0.1191   0.9201   0.0101   7.2421  91.4327
 -10.950  -0.8319   0.01290  -0.01989  -0.1189   0.9184   0.0102   7.3513  91.4541
 -10.900  -0.8261   0.01277  -0.01962  -0.1188   0.9165   0.0102   7.4714  91.4756
 -10.850  -0.8203   0.01264  -0.01936  -0.1186   0.9145   0.0103   7.6003  91.4972
 -10.800  -0.8146   0.01252  -0.01910  -0.1184   0.9123   0.0103   7.7374  91.5189
 -10.750  -0.8088   0.01241  -0.01884  -0.1182   0.9100   0.0104   7.8833  91.5408
 -10.700  -0.8030   0.01229  -0.01858  -0.1180   0.9079   0.0104   8.0188  91.5630
 -10.650  -0.7970   0.01217  -0.01832  -0.1179   0.9065   0.0105   8.1040  91.5856
 -10.600  -0.7910   0.01206  -0.01806  -0.1177   0.9049   0.0105   8.2058  91.6084
 -10.550  -0.7851   0.01195  -0.01780  -0.1176   0.9031   0.0106   8.3209  91.6313
 -10.500  -0.7791   0.01184  -0.01755  -0.1174   0.9011   0.0106   8.4458  91.6541
 -10.450  -0.7732   0.01174  -0.01729  -0.1172   0.8990   0.0107   8.5763  91.6774
 -10.400  -0.7673   0.01164  -0.01704  -0.1171   0.8969   0.0107   8.7095  91.7020
 -10.350  -0.7613   0.01154  -0.01678  -0.1169   0.8948   0.0108   8.8440  91.7273
 -10.250  -0.7492   0.01136  -0.01627  -0.1166   0.8914   0.0109   9.0565  91.7789
 -10.200  -0.7431   0.01127  -0.01601  -0.1165   0.8902   0.0110   9.1320  91.8040
 -10.150  -0.7370   0.01118  -0.01576  -0.1163   0.8889   0.0111   9.2136  91.8281
 -10.100  -0.7308   0.01109  -0.01551  -0.1162   0.8875   0.0111   9.2986  91.8511
 -10.050  -0.7247   0.01100  -0.01526  -0.1161   0.8860   0.0112   9.3910  91.8725
 -10.000  -0.7186   0.01092  -0.01501  -0.1159   0.8845   0.0112   9.4887  91.8920
  -9.950  -0.7125   0.01084  -0.01477  -0.1158   0.8828   0.0112   9.5925  91.9097
  -9.900  -0.7064   0.01076  -0.01453  -0.1157   0.8812   0.0113   9.6941  91.9257
  -9.850  -0.7003   0.01068  -0.01430  -0.1155   0.8794   0.0113   9.8036  91.9399
  -9.800  -0.6942   0.01061  -0.01406  -0.1154   0.8777   0.0114   9.9152  91.9534
  -9.750  -0.6881   0.01053  -0.01383  -0.1153   0.8761   0.0114  10.0132  91.9659
  -9.700  -0.6818   0.01046  -0.01360  -0.1152   0.8751   0.0114  10.0740  91.9772
  -9.650  -0.6756   0.01038  -0.01336  -0.1151   0.8740   0.0114  10.1423  91.9874
  -9.600  -0.6694   0.01031  -0.01313  -0.1149   0.8729   0.0115  10.2149  91.9964
  -9.550  -0.6634   0.01020  -0.01295  -0.1148   0.8715   0.0115  10.2979  92.0274
  -9.500  -0.6574   0.01007  -0.01280  -0.1147   0.8701   0.0117  10.3879  92.0755
  -9.450  -0.6515   0.00996  -0.01263  -0.1146   0.8686   0.0118  10.4827  92.1225
  -9.400  -0.6455   0.00986  -0.01245  -0.1144   0.8670   0.0119  10.5814  92.1680
  -9.350  -0.6394   0.00978  -0.01226  -0.1143   0.8654   0.0120  10.6837  92.2115
  -9.300  -0.6334   0.00969  -0.01207  -0.1142   0.8636   0.0121  10.7900  92.2529
  -9.250  -0.6273   0.00962  -0.01188  -0.1141   0.8619   0.0122  10.9008  92.2921
  -9.200  -0.6212   0.00955  -0.01168  -0.1140   0.8602   0.0123  11.0057  92.3295
  -9.150  -0.6150   0.00947  -0.01148  -0.1139   0.8592   0.0124  11.0690  92.3655
  -9.100  -0.6087   0.00940  -0.01128  -0.1138   0.8580   0.0125  11.1424  92.4003
  -9.050  -0.6025   0.00934  -0.01108  -0.1137   0.8567   0.0126  11.2255  92.4344
  -9.000  -0.5963   0.00927  -0.01089  -0.1136   0.8552   0.0127  11.3180  92.4681
  -8.950  -0.5901   0.00921  -0.01069  -0.1135   0.8536   0.0128  11.4189  92.5016
  -8.900  -0.5839   0.00915  -0.01050  -0.1134   0.8518   0.0129  11.5267  92.5350
  -8.850  -0.5777   0.00910  -0.01032  -0.1133   0.8500   0.0130  11.6428  92.5683
  -8.800  -0.5715   0.00904  -0.01013  -0.1132   0.8481   0.0131  11.7603  92.6013
  -8.750  -0.5654   0.00899  -0.00995  -0.1131   0.8460   0.0132  11.8867  92.6342
  -8.700  -0.5592   0.00894  -0.00976  -0.1130   0.8441   0.0132  12.0068  92.6666
  -8.650  -0.5529   0.00888  -0.00958  -0.1129   0.8429   0.0133  12.0812  92.6986
  -8.600  -0.5467   0.00883  -0.00940  -0.1128   0.8415   0.0134  12.1678  92.7300
  -8.550  -0.5404   0.00878  -0.00923  -0.1127   0.8399   0.0135  12.2660  92.7609
  -8.500  -0.5342   0.00872  -0.00905  -0.1127   0.8382   0.0136  12.3744  92.7908
  -8.450  -0.5280   0.00868  -0.00888  -0.1126   0.8363   0.0137  12.4909  92.8198
  -8.400  -0.5217   0.00863  -0.00871  -0.1125   0.8343   0.0137  12.6163  92.8477
  -8.350  -0.5156   0.00859  -0.00855  -0.1124   0.8323   0.0138  12.7410  92.8733
  -8.300  -0.5094   0.00855  -0.00838  -0.1123   0.8302   0.0139  12.8737  92.8975
  -8.250  -0.5032   0.00851  -0.00822  -0.1122   0.8281   0.0139  13.0023  92.9197
  -8.200  -0.4969   0.00846  -0.00806  -0.1122   0.8269   0.0140  13.0781  92.9400
  -8.150  -0.4906   0.00842  -0.00790  -0.1121   0.8255   0.0140  13.1645  92.9580
  -8.100  -0.4843   0.00837  -0.00774  -0.1120   0.8239   0.0141  13.2601  92.9739
  -8.050  -0.4780   0.00833  -0.00758  -0.1120   0.8223   0.0141  13.3632  92.9877
  -8.000  -0.4718   0.00830  -0.00743  -0.1119   0.8205   0.0141  13.4735  92.9996
  -7.950  -0.4657   0.00823  -0.00731  -0.1118   0.8186   0.0143  13.5904  93.0644
  -7.900  -0.4596   0.00816  -0.00719  -0.1117   0.8167   0.0145  13.7123  93.1313
  -7.850  -0.4535   0.00811  -0.00707  -0.1116   0.8146   0.0147  13.8378  93.1961
  -7.750  -0.4412   0.00801  -0.00681  -0.1115   0.8111   0.0151  14.0554  93.3155
  -7.700  -0.4349   0.00796  -0.00668  -0.1114   0.8098   0.0153  14.1395  93.3691
  -7.650  -0.4287   0.00791  -0.00655  -0.1114   0.8082   0.0154  14.2350  93.4197
  -7.600  -0.4225   0.00787  -0.00642  -0.1113   0.8065   0.0156  14.3420  93.4702
  -7.550  -0.4162   0.00783  -0.00629  -0.1112   0.8046   0.0157  14.4591  93.5211
  -7.500  -0.4100   0.00779  -0.00616  -0.1112   0.8026   0.0159  14.5846  93.5721
  -7.450  -0.4039   0.00775  -0.00604  -0.1111   0.8004   0.0160  14.7175  93.6226
  -7.400  -0.3977   0.00772  -0.00591  -0.1111   0.7982   0.0162  14.8581  93.6720
  -7.350  -0.3915   0.00769  -0.00579  -0.1110   0.7959   0.0163  15.0000  93.7196
  -7.300  -0.3853   0.00765  -0.00567  -0.1109   0.7945   0.0164  15.0856  93.7646
  -7.250  -0.3790   0.00762  -0.00555  -0.1109   0.7929   0.0166  15.1866  93.8056
  -7.200  -0.3727   0.00759  -0.00543  -0.1108   0.7910   0.0167  15.3024  93.8428
  -7.150  -0.3665   0.00756  -0.00531  -0.1108   0.7889   0.0168  15.4313  93.8762
  -7.100  -0.3603   0.00753  -0.00520  -0.1107   0.7867   0.0169  15.5708  93.9061
  -7.050  -0.3541   0.00750  -0.00509  -0.1107   0.7843   0.0170  15.7186  93.9328
  -7.000  -0.3480   0.00748  -0.00498  -0.1106   0.7818   0.0170  15.8747  93.9560
  -6.950  -0.3418   0.00746  -0.00487  -0.1106   0.7795   0.0171  16.0165  93.9759
  -6.900  -0.3355   0.00743  -0.00476  -0.1105   0.7779   0.0171  16.1139  93.9929
  -6.850  -0.3293   0.00739  -0.00466  -0.1105   0.7761   0.0173  16.2274  94.0418
  -6.800  -0.3231   0.00734  -0.00458  -0.1104   0.7740   0.0176  16.3554  94.1280
  -6.750  -0.3169   0.00730  -0.00449  -0.1104   0.7718   0.0179  16.4947  94.2125
  -6.700  -0.3108   0.00726  -0.00440  -0.1103   0.7694   0.0181  16.6416  94.2918
  -6.650  -0.3047   0.00723  -0.00431  -0.1103   0.7669   0.0184  16.7942  94.3645
  -6.600  -0.2986   0.00720  -0.00422  -0.1102   0.7645   0.0186  16.9465  94.4309
  -6.550  -0.2924   0.00717  -0.00413  -0.1102   0.7626   0.0188  17.0579  94.4933
  -6.500  -0.2861   0.00713  -0.00404  -0.1102   0.7610   0.0190  17.1581  94.5532
  -6.450  -0.2799   0.00710  -0.00395  -0.1101   0.7592   0.0192  17.2735  94.6113
  -6.400  -0.2737   0.00708  -0.00387  -0.1101   0.7571   0.0194  17.4035  94.6675
  -6.350  -0.2675   0.00705  -0.00378  -0.1100   0.7548   0.0196  17.5457  94.7215
  -6.300  -0.2613   0.00703  -0.00370  -0.1100   0.7523   0.0198  17.6977  94.7726
  -6.250  -0.2552   0.00701  -0.00361  -0.1100   0.7497   0.0199  17.8593  94.8206
  -6.200  -0.2490   0.00699  -0.00353  -0.1099   0.7472   0.0201  18.0121  94.8640
  -6.150  -0.2428   0.00697  -0.00345  -0.1099   0.7456   0.0202  18.1147  94.9026
  -6.100  -0.2366   0.00694  -0.00337  -0.1099   0.7436   0.0203  18.2364  94.9361
  -6.050  -0.2303   0.00692  -0.00329  -0.1098   0.7413   0.0204  18.3759  94.9644
  -6.000  -0.2241   0.00691  -0.00321  -0.1098   0.7388   0.0205  18.5301  94.9879
  -5.950  -0.2180   0.00689  -0.00314  -0.1098   0.7362   0.0207  18.6951  95.0336
  -5.900  -0.2119   0.00686  -0.00308  -0.1097   0.7333   0.0211  18.8697  95.1373
  -5.850  -0.2058   0.00683  -0.00302  -0.1097   0.7308   0.0215  19.0243  95.2416
  -5.800  -0.1996   0.00680  -0.00295  -0.1097   0.7290   0.0219  19.1357  95.3427
  -5.750  -0.1934   0.00677  -0.00289  -0.1096   0.7269   0.0222  19.2661  95.4357
  -5.700  -0.1873   0.00674  -0.00282  -0.1096   0.7245   0.0226  19.4131  95.5217
  -5.650  -0.1811   0.00672  -0.00276  -0.1096   0.7220   0.0229  19.5721  95.6030
  -5.600  -0.1750   0.00671  -0.00270  -0.1095   0.7192   0.0232  19.7404  95.6795
  -5.550  -0.1689   0.00669  -0.00263  -0.1095   0.7164   0.0234  19.9163  95.7500
  -5.500  -0.1627   0.00667  -0.00257  -0.1095   0.7142   0.0237  20.0503  95.8135
  -5.450  -0.1565   0.00665  -0.00251  -0.1095   0.7124   0.0239  20.1635  95.8684
  -5.400  -0.1503   0.00663  -0.00245  -0.1094   0.7102   0.0241  20.2956  95.9142
  -5.350  -0.1441   0.00662  -0.00239  -0.1094   0.7078   0.0242  20.4454  95.9512
  -5.300  -0.1380   0.00661  -0.00233  -0.1094   0.7052   0.0243  20.6093  95.9818
  -5.250  -0.1319   0.00660  -0.00227  -0.1094   0.7023   0.0245  20.7847  96.0223
  -5.200  -0.1258   0.00658  -0.00223  -0.1093   0.6994   0.0250  20.9674  96.1437
  -5.150  -0.1196   0.00655  -0.00218  -0.1093   0.6974   0.0256  21.0889  96.2694
  -5.100  -0.1134   0.00653  -0.00213  -0.1093   0.6953   0.0260  21.2184  96.3819
  -5.050  -0.1073   0.00650  -0.00209  -0.1093   0.6928   0.0265  21.3690  96.4801
  -5.000  -0.1012   0.00649  -0.00204  -0.1093   0.6901   0.0269  21.5367  96.5696
  -4.950  -0.0951   0.00647  -0.00199  -0.1092   0.6872   0.0272  21.7166  96.6534
  -4.900  -0.0890   0.00646  -0.00194  -0.1092   0.6841   0.0276  21.9070  96.7317
  -4.850  -0.0829   0.00645  -0.00190  -0.1092   0.6817   0.0279  22.0534  96.8036
  -4.800  -0.0767   0.00643  -0.00185  -0.1092   0.6797   0.0282  22.1776  96.8671
  -4.750  -0.0705   0.00642  -0.00180  -0.1092   0.6774   0.0284  22.3225  96.9201
  -4.700  -0.0643   0.00641  -0.00176  -0.1092   0.6747   0.0286  22.4851  96.9623
  -4.650  -0.0582   0.00640  -0.00171  -0.1091   0.6719   0.0287  22.6597  96.9942
  -4.600  -0.0522   0.00639  -0.00167  -0.1091   0.6689   0.0293  22.8436  97.1060
  -4.550  -0.0461   0.00637  -0.00164  -0.1091   0.6662   0.0300  23.0140  97.2538
  -4.500  -0.0399   0.00635  -0.00160  -0.1091   0.6643   0.0307  23.1274  97.3925
  -4.450  -0.0338   0.00633  -0.00157  -0.1091   0.6621   0.0313  23.2629  97.5148
  -4.400  -0.0276   0.00631  -0.00153  -0.1091   0.6596   0.0318  23.4194  97.6268
  -4.350  -0.0215   0.00630  -0.00150  -0.1091   0.6568   0.0324  23.5927  97.7291
  -4.300  -0.0155   0.00630  -0.00146  -0.1090   0.6538   0.0328  23.7794  97.8184
  -4.250  -0.0094   0.00629  -0.00142  -0.1090   0.6506   0.0332  23.9748  97.8918
  -4.200  -0.0032   0.00628  -0.00139  -0.1090   0.6486   0.0334  24.0996  97.9483
  -4.150   0.0029   0.00627  -0.00135  -0.1090   0.6463   0.0336  24.2369  97.9886
  -4.100   0.0091   0.00626  -0.00132  -0.1090   0.6437   0.0342  24.3959  98.0955
  -4.050   0.0151   0.00624  -0.00129  -0.1090   0.6409   0.0352  24.5716  98.2579
  -4.000   0.0212   0.00623  -0.00126  -0.1090   0.6378   0.0360  24.7604  98.4027
  -3.950   0.0272   0.00623  -0.00123  -0.1090   0.6346   0.0367  24.9575  98.5255
  -3.900   0.0333   0.00621  -0.00121  -0.1090   0.6325   0.0373  25.0899  98.6380
  -3.850   0.0395   0.00620  -0.00118  -0.1090   0.6303   0.0379  25.2247  98.7404
  -3.800   0.0456   0.00619  -0.00115  -0.1090   0.6278   0.0384  25.3804  98.8303
  -3.750   0.0517   0.00618  -0.00112  -0.1090   0.6250   0.0389  25.5517  98.9045
  -3.700   0.0578   0.00618  -0.00109  -0.1089   0.6220   0.0392  25.7337  98.9613
  -3.650   0.0638   0.00618  -0.00106  -0.1089   0.6189   0.0395  25.9284  99.0080
  -3.600   0.0700   0.00617  -0.00104  -0.1089   0.6166   0.0406  26.0668  99.1762
  -3.550   0.0761   0.00615  -0.00102  -0.1089   0.6146   0.0418  26.1941  99.3569
  -3.500   0.0822   0.00613  -0.00100  -0.1089   0.6121   0.0428  26.3440  99.5110
  -3.450   0.0883   0.00612  -0.00098  -0.1089   0.6094   0.0437  26.5131  99.6486
  -3.400   0.0943   0.00612  -0.00095  -0.1089   0.6064   0.0445  26.6967  99.7697
  -3.350   0.1003   0.00612  -0.00093  -0.1089   0.6032   0.0451  26.8947  99.8691
  -3.300   0.1064   0.00612  -0.00091  -0.1089   0.6007   0.0456  27.0483  99.9440
  -3.250   0.1126   0.00611  -0.00089  -0.1089   0.5987   0.0460  27.1718  99.9950
  -3.200   0.1187   0.00610  -0.00087  -0.1089   0.5963   0.0472  27.3174 100.1499
  -3.150   0.1248   0.00609  -0.00085  -0.1089   0.5937   0.0486  27.4816 100.3344
  -3.100   0.1308   0.00608  -0.00083  -0.1089   0.5908   0.0497  27.6594 100.4886
  -3.050   0.1368   0.00608  -0.00081  -0.1089   0.5877   0.0508  27.8502 100.6220
  -3.000   0.1429   0.00607  -0.00080  -0.1089   0.5849   0.0517  28.0205 100.7420
  -2.950   0.1490   0.00606  -0.00078  -0.1089   0.5831   0.0525  28.1303 100.8447
  -2.900   0.1551   0.00605  -0.00076  -0.1089   0.5810   0.0531  28.2607 100.9257
  -2.850   0.1613   0.00605  -0.00074  -0.1089   0.5786   0.0536  28.4108 100.9850
  -2.800   0.1673   0.00605  -0.00073  -0.1089   0.5759   0.0548  28.5765 101.1275
  -2.750   0.1733   0.00604  -0.00071  -0.1089   0.5730   0.0567  28.7557 101.3430
  -2.700   0.1793   0.00604  -0.00070  -0.1089   0.5699   0.0583  28.9487 101.5244
  -2.650   0.1854   0.00603  -0.00068  -0.1089   0.5679   0.0597  29.0720 101.6797
  -2.600   0.1915   0.00602  -0.00067  -0.1089   0.5660   0.0609  29.1900 101.8092
  -2.550   0.1976   0.00601  -0.00066  -0.1089   0.5637   0.0617  29.3278 101.9071
  -2.500   0.2037   0.00601  -0.00064  -0.1089   0.5612   0.0623  29.4826 101.9750
  -2.450   0.2098   0.00601  -0.00063  -0.1089   0.5585   0.0634  29.6500 102.0842
  -2.400   0.2157   0.00601  -0.00062  -0.1089   0.5556   0.0655  29.8313 102.2874
  -2.350   0.2218   0.00600  -0.00060  -0.1089   0.5527   0.0673  30.0069 102.4671
  -2.300   0.2279   0.00599  -0.00059  -0.1089   0.5511   0.0689  30.1041 102.6200
  -2.250   0.2340   0.00598  -0.00058  -0.1090   0.5493   0.0702  30.2169 102.7533
  -2.200   0.2401   0.00598  -0.00057  -0.1090   0.5472   0.0714  30.3462 102.8669
  -2.150   0.2462   0.00598  -0.00056  -0.1090   0.5449   0.0723  30.4899 102.9550
  -2.100   0.2522   0.00598  -0.00055  -0.1090   0.5424   0.0734  30.6456 103.0583
  -2.050   0.2582   0.00598  -0.00054  -0.1090   0.5396   0.0762  30.8152 103.2990
  -2.000   0.2642   0.00597  -0.00053  -0.1090   0.5367   0.0786  30.9917 103.5039
  -1.950   0.2703   0.00596  -0.00052  -0.1090   0.5352   0.0805  31.0844 103.6711
  -1.900   0.2764   0.00595  -0.00052  -0.1090   0.5335   0.0820  31.1897 103.8048
  -1.850   0.2825   0.00595  -0.00051  -0.1090   0.5316   0.0832  31.3109 103.9043
  -1.800   0.2886   0.00595  -0.00050  -0.1090   0.5294   0.0840  31.4453 103.9761
  -1.750   0.2947   0.00595  -0.00049  -0.1090   0.5271   0.0856  31.5896 104.1068
  -1.700   0.3006   0.00595  -0.00048  -0.1090   0.5246   0.0885  31.7441 104.3313
  -1.650   0.3066   0.00595  -0.00047  -0.1090   0.5218   0.0911  31.9118 104.5323
  -1.600   0.3127   0.00594  -0.00047  -0.1090   0.5199   0.0934  32.0325 104.7111
  -1.550   0.3188   0.00593  -0.00046  -0.1091   0.5185   0.0952  32.1160 104.8550
  -1.500   0.3249   0.00593  -0.00045  -0.1091   0.5170   0.0965  32.2131 104.9551
  -1.450   0.3310   0.00593  -0.00045  -0.1091   0.5152   0.0981  32.3227 105.0749
  -1.400   0.3371   0.00592  -0.00044  -0.1091   0.5132   0.1015  32.4424 105.3228
  -1.350   0.3431   0.00591  -0.00044  -0.1091   0.5112   0.1042  32.5710 105.5213
  -1.300   0.3491   0.00591  -0.00043  -0.1091   0.5089   0.1065  32.7105 105.6872
  -1.250   0.3551   0.00592  -0.00043  -0.1091   0.5064   0.1084  32.8654 105.8228
  -1.200   0.3612   0.00592  -0.00042  -0.1091   0.5041   0.1099  33.0084 105.9295
  -1.150   0.3673   0.00592  -0.00041  -0.1092   0.5029   0.1112  33.0802 106.0267
  -1.100   0.3734   0.00590  -0.00041  -0.1092   0.5016   0.1154  33.1629 106.3078
  -1.050   0.3795   0.00589  -0.00041  -0.1092   0.5001   0.1189  33.2550 106.5477
  -1.000   0.3856   0.00589  -0.00041  -0.1092   0.4985   0.1217  33.3547 106.7389
  -0.950   0.3916   0.00588  -0.00040  -0.1093   0.4968   0.1237  33.4613 106.8771
  -0.900   0.3977   0.00589  -0.00040  -0.1093   0.4949   0.1250  33.5751 106.9693
  -0.850   0.4037   0.00589  -0.00039  -0.1093   0.4929   0.1274  33.6976 107.1227
  -0.800   0.4097   0.00589  -0.00039  -0.1093   0.4908   0.1313  33.8327 107.3786
  -0.700   0.4218   0.00588  -0.00038  -0.1093   0.4873   0.1376  34.0472 107.7960
  -0.650   0.4280   0.00588  -0.00038  -0.1093   0.4862   0.1397  34.1148 107.9332
  -0.600   0.4341   0.00587  -0.00038  -0.1094   0.4850   0.1419  34.1918 108.0758
  -0.550   0.4402   0.00587  -0.00038  -0.1094   0.4836   0.1465  34.2767 108.3698
  -0.500   0.4462   0.00586  -0.00038  -0.1094   0.4821   0.1501  34.3680 108.5946
  -0.450   0.4523   0.00586  -0.00038  -0.1094   0.4806   0.1528  34.4639 108.7704
  -0.400   0.4583   0.00586  -0.00038  -0.1094   0.4790   0.1549  34.5632 108.9042
  -0.350   0.4644   0.00587  -0.00037  -0.1094   0.4772   0.1567  34.6690 109.0161
  -0.300   0.4704   0.00586  -0.00037  -0.1095   0.4754   0.1618  34.7854 109.3332
  -0.250   0.4764   0.00586  -0.00037  -0.1095   0.4733   0.1661  34.9128 109.6008
  -0.200   0.4824   0.00586  -0.00037  -0.1095   0.4717   0.1694  35.0128 109.8090
  -0.150   0.4886   0.00586  -0.00037  -0.1095   0.4709   0.1717  35.0640 109.9492
  -0.100   0.4947   0.00585  -0.00037  -0.1095   0.4699   0.1747  35.1234 110.1342
  -0.050   0.5008   0.00584  -0.00037  -0.1096   0.4688   0.1792  35.1902 110.4119
   0.000   0.5069   0.00584  -0.00037  -0.1096   0.4676   0.1830  35.2634 110.6450
   0.000   0.5069   0.00584  -0.00037  -0.1096   0.4676   0.1830  35.2644 110.6450
   0.050   0.5130   0.00583  -0.00037  -0.1096   0.4664   0.1863  35.3418 110.8450
   0.100   0.5190   0.00584  -0.00037  -0.1096   0.4651   0.1886  35.4236 110.9875
   0.150   0.5251   0.00583  -0.00037  -0.1097   0.4637   0.1939  35.5081 111.3080
   0.200   0.5311   0.00583  -0.00037  -0.1097   0.4623   0.1987  35.5973 111.5955
   0.250   0.5371   0.00583  -0.00037  -0.1097   0.4607   0.2022  35.6943 111.8113
   0.300   0.5431   0.00584  -0.00037  -0.1097   0.4589   0.2046  35.8033 111.9566
   0.350   0.5492   0.00584  -0.00037  -0.1097   0.4570   0.2083  35.9207 112.1770
   0.400   0.5552   0.00584  -0.00038  -0.1097   0.4556   0.2135  36.0104 112.4863
   0.450   0.5613   0.00583  -0.00038  -0.1098   0.4549   0.2179  36.0528 112.7515
   0.500   0.5675   0.00583  -0.00038  -0.1098   0.4541   0.2211  36.1017 112.9458
   0.550   0.5736   0.00582  -0.00039  -0.1098   0.4533   0.2260  36.1564 113.2334
   0.600   0.5797   0.00581  -0.00039  -0.1099   0.4523   0.2314  36.2158 113.5560
   0.650   0.5858   0.00581  -0.00039  -0.1099   0.4513   0.2355  36.2792 113.7973
   0.700   0.5918   0.00581  -0.00040  -0.1099   0.4502   0.2382  36.3476 113.9611
   0.750   0.5979   0.00581  -0.00040  -0.1099   0.4490   0.2429  36.4215 114.2357
   0.800   0.6039   0.00581  -0.00040  -0.1099   0.4477   0.2485  36.5003 114.5669
   0.850   0.6100   0.00581  -0.00040  -0.1100   0.4464   0.2531  36.5843 114.8380
   0.900   0.6160   0.00582  -0.00041  -0.1100   0.4449   0.2569  36.6751 115.0624
   0.950   0.6220   0.00581  -0.00041  -0.1100   0.4433   0.2635  36.7747 115.4536
   1.000   0.6280   0.00581  -0.00041  -0.1100   0.4416   0.2687  36.8819 115.7542
   1.050   0.6340   0.00582  -0.00042  -0.1100   0.4399   0.2722  36.9835 115.9611
   1.100   0.6401   0.00581  -0.00042  -0.1100   0.4393   0.2774  37.0263 116.2668
   1.150   0.6462   0.00580  -0.00043  -0.1101   0.4386   0.2831  37.0647 116.6037
   1.200   0.6524   0.00580  -0.00043  -0.1101   0.4379   0.2880  37.1078 116.8892
   1.250   0.6585   0.00580  -0.00044  -0.1101   0.4371   0.2938  37.1587 117.2290
   1.300   0.6645   0.00579  -0.00045  -0.1102   0.4362   0.3009  37.2159 117.6451
   1.350   0.6706   0.00579  -0.00045  -0.1102   0.4352   0.3060  37.2789 117.9459
   1.400   0.6767   0.00578  -0.00046  -0.1102   0.4341   0.3127  37.3464 118.3391
   1.450   0.6827   0.00578  -0.00046  -0.1102   0.4330   0.3190  37.4173 118.7115
   1.500   0.6888   0.00578  -0.00047  -0.1102   0.4318   0.3236  37.4908 118.9786
   1.550   0.6948   0.00578  -0.00048  -0.1102   0.4306   0.3309  37.5680 119.4097
   1.600   0.7007   0.00578  -0.00048  -0.1103   0.4292   0.3380  37.6527 119.8312
   1.650   0.7067   0.00578  -0.00049  -0.1103   0.4277   0.3456  37.7475 120.2825
   1.700   0.7127   0.00578  -0.00049  -0.1103   0.4260   0.3544  37.8529 120.7991
   1.750   0.7187   0.00577  -0.00050  -0.1103   0.4243   0.3629  37.9585 121.3006
   1.800   0.7247   0.00576  -0.00051  -0.1103   0.4234   0.3721  38.0178 121.8453
   1.850   0.7308   0.00575  -0.00052  -0.1103   0.4228   0.3816  38.0537 122.4086
   1.900   0.7369   0.00574  -0.00053  -0.1104   0.4221   0.3912  38.0960 122.9786
   1.950   0.7430   0.00572  -0.00054  -0.1104   0.4213   0.4043  38.1450 123.7486
   2.050   0.7550   0.00566  -0.00055  -0.1105   0.4194   0.4426  38.2673 125.9920
   2.100   0.7609   0.00563  -0.00056  -0.1105   0.4182   0.4653  38.3394 127.3204
   2.150   0.7669   0.00560  -0.00057  -0.1105   0.4170   0.4866  38.4174 128.5624
   2.200   0.7728   0.00558  -0.00057  -0.1105   0.4157   0.5045  38.5010 129.6076
   2.250   0.7787   0.00556  -0.00058  -0.1105   0.4142   0.5210  38.5903 130.5725
   2.300   0.7846   0.00555  -0.00059  -0.1105   0.4127   0.5358  38.6872 131.4340
   2.350   0.7905   0.00555  -0.00059  -0.1105   0.4109   0.5502  38.7979 132.2774
   2.400   0.7964   0.00554  -0.00060  -0.1105   0.4090   0.5652  38.9181 133.1559
   2.450   0.8024   0.00552  -0.00061  -0.1105   0.4076   0.5808  39.0096 134.0688
   2.500   0.8084   0.00550  -0.00062  -0.1106   0.4069   0.5966  39.0518 134.9941
   2.550   0.8144   0.00548  -0.00063  -0.1106   0.4061   0.6121  39.1040 135.9066
   2.600   0.8204   0.00546  -0.00064  -0.1106   0.4051   0.6270  39.1664 136.7801
   2.650   0.8264   0.00544  -0.00065  -0.1106   0.4039   0.6410  39.2410 137.5997
   2.700   0.8324   0.00543  -0.00067  -0.1106   0.4025   0.6540  39.3283 138.3618
   2.750   0.8383   0.00542  -0.00068  -0.1106   0.4010   0.6673  39.4288 139.1471
   2.800   0.8442   0.00542  -0.00069  -0.1106   0.3992   0.6815  39.5406 139.9828
   2.850   0.8500   0.00541  -0.00070  -0.1106   0.3973   0.6968  39.6626 140.8790
   2.900   0.8557   0.00541  -0.00071  -0.1105   0.3951   0.7126  39.7993 141.8117
   2.950   0.8615   0.00540  -0.00072  -0.1105   0.3927   0.7288  39.9520 142.7643
   3.000   0.8674   0.00538  -0.00073  -0.1105   0.3914   0.7451  40.0374 143.7236
   3.050   0.8734   0.00536  -0.00074  -0.1105   0.3903   0.7611  40.1083 144.6660
   3.100   0.8792   0.00534  -0.00076  -0.1105   0.3889   0.7767  40.1972 145.5816
   3.150   0.8851   0.00533  -0.00077  -0.1104   0.3872   0.7931  40.3064 146.5464
   3.200   0.8908   0.00531  -0.00078  -0.1104   0.3851   0.8104  40.4393 147.5657
   3.250   0.8964   0.00530  -0.00079  -0.1103   0.3827   0.8284  40.5917 148.6290
   3.300   0.9018   0.00530  -0.00080  -0.1102   0.3800   0.8476  40.7650 149.7550
   3.350   0.9071   0.00528  -0.00081  -0.1100   0.3770   0.8676  40.9606 150.9342
   3.400   0.9124   0.00526  -0.00082  -0.1099   0.3754   0.8879  41.0629 152.1318
   3.450   0.9175   0.00523  -0.00083  -0.1097   0.3738   0.9078  41.1670 153.3127
   3.500   0.9223   0.00521  -0.00085  -0.1094   0.3717   0.9268  41.2990 154.4509
   3.550   0.9266   0.00520  -0.00086  -0.1089   0.3693   0.9455  41.4541 155.6091
   3.600   0.9307   0.00520  -0.00087  -0.1085   0.3665   0.9629  41.6327 156.7459
   3.650   0.9362   0.00523  -0.00088  -0.1083   0.3629   0.9771  41.8661 157.7743
   3.700   0.9440   0.00525  -0.00091  -0.1087   0.3599   0.9868  42.0590 158.5790
   3.750   0.9519   0.00527  -0.00094  -0.1092   0.3575   0.9928  42.2162 159.1461
   3.800   0.9600   0.00531  -0.00097  -0.1097   0.3541   0.9975  42.4348 159.6977
   3.850   0.9665   0.00535  -0.00099  -0.1098   0.3504   1.0000  42.6777 160.0000
   3.900   0.9720   0.00540  -0.00101  -0.1097   0.3461   1.0000  42.9547 160.0000
   3.950   0.9779   0.00543  -0.00103  -0.1096   0.3438   1.0000  43.1034 160.0000
   4.000   0.9837   0.00545  -0.00106  -0.1096   0.3412   1.0000  43.2733 160.0000
   4.050   0.9894   0.00549  -0.00108  -0.1095   0.3377   1.0000  43.4987 160.0000
   4.100   0.9949   0.00555  -0.00110  -0.1094   0.3337   1.0000  43.7622 160.0000
   4.150   1.0005   0.00559  -0.00112  -0.1094   0.3297   1.0000  44.0201 160.0000
   4.200   1.0063   0.00562  -0.00115  -0.1093   0.3274   1.0000  44.1738 160.0000
   4.250   1.0120   0.00565  -0.00117  -0.1093   0.3242   1.0000  44.3829 160.0000
   4.300   1.0176   0.00570  -0.00119  -0.1092   0.3202   1.0000  44.6399 160.0000
   4.350   1.0230   0.00576  -0.00121  -0.1091   0.3156   1.0000  44.9410 160.0000
   4.400   1.0288   0.00579  -0.00124  -0.1090   0.3130   1.0000  45.1114 160.0000
   4.450   1.0346   0.00583  -0.00127  -0.1089   0.3100   1.0000  45.3064 160.0000
   4.500   1.0401   0.00588  -0.00130  -0.1089   0.3060   1.0000  45.5686 160.0000
   4.550   1.0454   0.00594  -0.00131  -0.1087   0.3013   1.0000  45.8779 160.0000
   4.600   1.0511   0.00598  -0.00134  -0.1087   0.2982   1.0000  46.0838 160.0000
   4.650   1.0569   0.00601  -0.00138  -0.1086   0.2952   1.0000  46.2818 160.0000
   4.700   1.0624   0.00607  -0.00140  -0.1085   0.2910   1.0000  46.5590 160.0000
   4.750   1.0676   0.00614  -0.00142  -0.1084   0.2859   1.0000  46.8933 160.0000
   4.800   1.0733   0.00618  -0.00145  -0.1083   0.2826   1.0000  47.1065 160.0000
   4.850   1.0790   0.00622  -0.00148  -0.1082   0.2793   1.0000  47.3263 160.0000
   4.900   1.0844   0.00628  -0.00151  -0.1081   0.2748   1.0000  47.6239 160.0000
   4.950   1.0896   0.00635  -0.00153  -0.1079   0.2695   1.0000  47.9790 160.0000
   5.000   1.0953   0.00639  -0.00156  -0.1079   0.2665   1.0000  48.1756 160.0000
   5.050   1.1008   0.00644  -0.00160  -0.1078   0.2625   1.0000  48.4393 160.0000
   5.100   1.1060   0.00652  -0.00161  -0.1076   0.2573   1.0000  48.7852 160.0000
   5.150   1.1114   0.00657  -0.00164  -0.1075   0.2529   1.0000  49.0794 160.0000
   5.200   1.1170   0.00662  -0.00168  -0.1074   0.2492   1.0000  49.3258 160.0000
   5.250   1.1222   0.00669  -0.00170  -0.1073   0.2442   1.0000  49.6611 160.0000
   5.300   1.1274   0.00677  -0.00173  -0.1071   0.2389   1.0000  50.0145 160.0000
   5.350   1.1330   0.00681  -0.00177  -0.1070   0.2357   1.0000  50.2342 160.0000
   5.400   1.1383   0.00688  -0.00179  -0.1069   0.2306   1.0000  50.5742 160.0000
   5.450   1.1433   0.00697  -0.00181  -0.1067   0.2244   1.0000  50.9931 160.0000
   5.500   1.1488   0.00702  -0.00185  -0.1066   0.2207   1.0000  51.2396 160.0000
   5.550   1.1539   0.00710  -0.00188  -0.1064   0.2155   1.0000  51.5947 160.0000
   5.600   1.1589   0.00719  -0.00190  -0.1062   0.2096   1.0000  51.9956 160.0000
   5.650   1.1645   0.00723  -0.00194  -0.1061   0.2063   1.0000  52.2196 160.0000
   5.700   1.1696   0.00731  -0.00197  -0.1059   0.2012   1.0000  52.5682 160.0000
   5.750   1.1745   0.00741  -0.00199  -0.1057   0.1949   1.0000  53.0047 160.0000
   5.800   1.1799   0.00747  -0.00203  -0.1056   0.1909   1.0000  53.2774 160.0000
   5.850   1.1847   0.00756  -0.00205  -0.1054   0.1848   1.0000  53.6963 160.0000
   5.900   1.1898   0.00765  -0.00208  -0.1052   0.1793   1.0000  54.0829 160.0000
   5.950   1.1950   0.00771  -0.00212  -0.1050   0.1748   1.0000  54.3942 160.0000
   6.000   1.1998   0.00782  -0.00214  -0.1048   0.1690   1.0000  54.7991 160.0000
   6.050   1.2050   0.00788  -0.00218  -0.1047   0.1647   1.0000  55.1021 160.0000
   6.100   1.2103   0.00795  -0.00222  -0.1045   0.1605   1.0000  55.4029 160.0000
   6.150   1.2149   0.00806  -0.00224  -0.1042   0.1544   1.0000  55.8360 160.0000
   6.200   1.2201   0.00813  -0.00228  -0.1041   0.1499   1.0000  56.1530 160.0000
   6.250   1.2251   0.00822  -0.00232  -0.1039   0.1450   1.0000  56.5070 160.0000
   6.300   1.2296   0.00833  -0.00233  -0.1036   0.1383   1.0000  56.9968 160.0000
   6.350   1.2349   0.00840  -0.00238  -0.1035   0.1347   1.0000  57.2587 160.0000
   6.400   1.2396   0.00850  -0.00241  -0.1032   0.1296   1.0000  57.6362 160.0000
   6.450   1.2444   0.00859  -0.00244  -0.1030   0.1242   1.0000  58.0334 160.0000
   6.500   1.2497   0.00865  -0.00250  -0.1028   0.1213   1.0000  58.2538 160.0000
   6.550   1.2546   0.00874  -0.00254  -0.1026   0.1172   1.0000  58.5671 160.0000
   6.600   1.2593   0.00885  -0.00257  -0.1024   0.1118   1.0000  58.9759 160.0000
   6.650   1.2646   0.00891  -0.00263  -0.1022   0.1092   1.0000  59.1805 160.0000
   6.700   1.2696   0.00899  -0.00267  -0.1020   0.1055   1.0000  59.4720 160.0000
   6.750   1.2740   0.00910  -0.00270  -0.1017   0.1001   1.0000  59.8949 160.0000
   6.800   1.2793   0.00917  -0.00276  -0.1015   0.0971   1.0000  60.1391 160.0000
   6.850   1.2842   0.00925  -0.00281  -0.1013   0.0937   1.0000  60.4192 160.0000
   6.900   1.2887   0.00936  -0.00284  -0.1010   0.0892   1.0000  60.7949 160.0000
   6.950   1.2938   0.00944  -0.00290  -0.1008   0.0858   1.0000  61.0772 160.0000
   7.000   1.2989   0.00950  -0.00296  -0.1007   0.0835   1.0000  61.2830 160.0000
   7.050   1.3038   0.00959  -0.00302  -0.1004   0.0805   1.0000  61.5432 160.0000
   7.100   1.3084   0.00969  -0.00306  -0.1002   0.0768   1.0000  61.8724 160.0000
   7.150   1.3136   0.00975  -0.00313  -0.1000   0.0746   1.0000  62.0756 160.0000
   7.200   1.3188   0.00981  -0.00321  -0.0998   0.0728   1.0000  62.2425 160.0000
   7.250   1.3238   0.00989  -0.00327  -0.0996   0.0705   1.0000  62.4659 160.0000
   7.300   1.3284   0.00999  -0.00332  -0.0993   0.0677   1.0000  62.7380 160.0000
   7.350   1.3334   0.01006  -0.00339  -0.0991   0.0648   1.0000  63.0190 160.0000
   7.400   1.3386   0.01012  -0.00347  -0.0989   0.0635   1.0000  63.1600 160.0000
   7.450   1.3436   0.01020  -0.00355  -0.0987   0.0616   1.0000  63.3577 160.0000
   7.500   1.3483   0.01029  -0.00361  -0.0985   0.0593   1.0000  63.6048 160.0000
   7.550   1.3529   0.01038  -0.00367  -0.0982   0.0564   1.0000  63.9158 160.0000
   7.600   1.3581   0.01044  -0.00375  -0.0980   0.0549   1.0000  64.0832 160.0000
   7.650   1.3632   0.01051  -0.00384  -0.0978   0.0536   1.0000  64.2355 160.0000
   7.700   1.3681   0.01058  -0.00392  -0.0976   0.0521   1.0000  64.4218 160.0000
   7.750   1.3728   0.01067  -0.00399  -0.0973   0.0504   1.0000  64.6275 160.0000
   7.800   1.3775   0.01075  -0.00407  -0.0970   0.0483   1.0000  64.8754 160.0000
   7.850   1.3826   0.01082  -0.00416  -0.0968   0.0470   1.0000  65.0410 160.0000
   7.900   1.3878   0.01087  -0.00426  -0.0967   0.0462   1.0000  65.1501 160.0000
   7.950   1.3928   0.01094  -0.00435  -0.0964   0.0452   1.0000  65.2871 160.0000
   8.000   1.3977   0.01101  -0.00445  -0.0962   0.0440   1.0000  65.4475 160.0000
   8.050   1.4024   0.01110  -0.00453  -0.0959   0.0427   1.0000  65.6282 160.0000
   8.100   1.4070   0.01118  -0.00462  -0.0956   0.0412   1.0000  65.8459 160.0000
   8.150   1.4120   0.01125  -0.00472  -0.0954   0.0399   1.0000  66.0206 160.0000
   8.200   1.4171   0.01131  -0.00482  -0.0952   0.0393   1.0000  66.1143 160.0000
   8.250   1.4220   0.01137  -0.00493  -0.0950   0.0386   1.0000  66.2359 160.0000
   8.300   1.4268   0.01145  -0.00503  -0.0947   0.0376   1.0000  66.3829 160.0000
   8.350   1.4315   0.01153  -0.00513  -0.0944   0.0366   1.0000  66.5498 160.0000
   8.400   1.4360   0.01162  -0.00522  -0.0941   0.0354   1.0000  66.7458 160.0000
   8.450   1.4406   0.01170  -0.00532  -0.0939   0.0340   1.0000  66.9661 160.0000
   8.500   1.4456   0.01176  -0.00544  -0.0936   0.0334   1.0000  67.0643 160.0000
   8.550   1.4505   0.01182  -0.00556  -0.0934   0.0329   1.0000  67.1615 160.0000
   8.600   1.4553   0.01189  -0.00567  -0.0931   0.0323   1.0000  67.2743 160.0000
   8.650   1.4600   0.01196  -0.00579  -0.0928   0.0317   1.0000  67.3967 160.0000
   8.700   1.4646   0.01204  -0.00590  -0.0925   0.0309   1.0000  67.5282 160.0000
   8.750   1.4690   0.01213  -0.00601  -0.0922   0.0302   1.0000  67.6738 160.0000
   8.800   1.4733   0.01221  -0.00612  -0.0919   0.0293   1.0000  67.8437 160.0000
   8.850   1.4778   0.01229  -0.00624  -0.0916   0.0284   1.0000  68.0023 160.0000
   8.900   1.4826   0.01235  -0.00637  -0.0913   0.0281   1.0000  68.0622 160.0000
   8.950   1.4873   0.01241  -0.00650  -0.0910   0.0278   1.0000  68.1373 160.0000
   9.000   1.4917   0.01248  -0.00663  -0.0907   0.0274   1.0000  68.2246 160.0000
   9.050   1.4959   0.01255  -0.00676  -0.0903   0.0269   1.0000  68.3212 160.0000
   9.100   1.4999   0.01263  -0.00688  -0.0899   0.0264   1.0000  68.4250 160.0000
   9.150   1.5038   0.01271  -0.00700  -0.0894   0.0259   1.0000  68.5345 160.0000
   9.200   1.5076   0.01279  -0.00711  -0.0890   0.0254   1.0000  68.6529 160.0000
   9.250   1.5114   0.01288  -0.00723  -0.0885   0.0248   1.0000  68.7890 160.0000
   9.300   1.5152   0.01296  -0.00735  -0.0881   0.0241   1.0000  68.9339 160.0000
   9.350   1.5192   0.01304  -0.00748  -0.0877   0.0237   1.0000  69.0222 160.0000
   9.400   1.5234   0.01311  -0.00762  -0.0873   0.0235   1.0000  69.0766 160.0000
   9.450   1.5275   0.01318  -0.00776  -0.0869   0.0232   1.0000  69.1447 160.0000
   9.500   1.5316   0.01326  -0.00790  -0.0865   0.0229   1.0000  69.2252 160.0000
   9.550   1.5356   0.01334  -0.00803  -0.0861   0.0225   1.0000  69.3159 160.0000
   9.600   1.5395   0.01343  -0.00817  -0.0857   0.0221   1.0000  69.4140 160.0000
   9.650   1.5433   0.01352  -0.00830  -0.0852   0.0217   1.0000  69.5169 160.0000
   9.700   1.5470   0.01362  -0.00842  -0.0848   0.0213   1.0000  69.6251 160.0000
   9.750   1.5505   0.01371  -0.00855  -0.0843   0.0208   1.0000  69.7444 160.0000
   9.800   1.5542   0.01381  -0.00868  -0.0839   0.0203   1.0000  69.8735 160.0000
   9.850   1.5579   0.01391  -0.00881  -0.0834   0.0198   1.0000  69.9931 160.0000
   9.900   1.5620   0.01399  -0.00897  -0.0831   0.0197   1.0000  70.0338 160.0000
   9.950   1.5661   0.01407  -0.00912  -0.0827   0.0195   1.0000  70.0785 160.0000
  10.000   1.5702   0.01416  -0.00928  -0.0823   0.0194   1.0000  70.1318 160.0000
  10.050   1.5742   0.01424  -0.00943  -0.0819   0.0191   1.0000  70.1919 160.0000
  10.100   1.5781   0.01434  -0.00958  -0.0815   0.0189   1.0000  70.2581 160.0000
  10.150   1.5819   0.01443  -0.00973  -0.0811   0.0187   1.0000  70.3287 160.0000
  10.200   1.5857   0.01453  -0.00988  -0.0807   0.0184   1.0000  70.4028 160.0000
  10.250   1.5893   0.01464  -0.01003  -0.0802   0.0182   1.0000  70.4797 160.0000
  10.300   1.5929   0.01474  -0.01017  -0.0798   0.0179   1.0000  70.5600 160.0000
  10.350   1.5965   0.01485  -0.01032  -0.0793   0.0176   1.0000  70.6436 160.0000
  10.400   1.6000   0.01497  -0.01046  -0.0789   0.0173   1.0000  70.7395 160.0000
  10.450   1.6035   0.01509  -0.01060  -0.0784   0.0169   1.0000  70.8427 160.0000
  10.500   1.6069   0.01520  -0.01075  -0.0780   0.0166   1.0000  70.9456 160.0000
  10.550   1.6105   0.01532  -0.01090  -0.0776   0.0163   1.0000  71.0112 160.0000
  10.600   1.6144   0.01542  -0.01107  -0.0772   0.0163   1.0000  71.0408 160.0000
  10.650   1.6183   0.01552  -0.01124  -0.0768   0.0161   1.0000  71.0769 160.0000
  10.700   1.6221   0.01562  -0.01141  -0.0764   0.0160   1.0000  71.1188 160.0000
  10.750   1.6259   0.01573  -0.01158  -0.0760   0.0159   1.0000  71.1659 160.0000
  10.800   1.6296   0.01584  -0.01175  -0.0756   0.0157   1.0000  71.2170 160.0000
  10.850   1.6332   0.01596  -0.01192  -0.0752   0.0156   1.0000  71.2715 160.0000
  10.900   1.6367   0.01608  -0.01208  -0.0747   0.0154   1.0000  71.3285 160.0000
  10.950   1.6401   0.01620  -0.01224  -0.0743   0.0152   1.0000  71.3876 160.0000
  11.000   1.6435   0.01633  -0.01240  -0.0739   0.0150   1.0000  71.4495 160.0000
  11.050   1.6468   0.01646  -0.01255  -0.0734   0.0148   1.0000  71.5146 160.0000
  11.100   1.6502   0.01660  -0.01271  -0.0730   0.0146   1.0000  71.5841 160.0000
  11.150   1.6535   0.01674  -0.01286  -0.0725   0.0144   1.0000  71.6585 160.0000
  11.200   1.6566   0.01689  -0.01302  -0.0721   0.0142   1.0000  71.7402 160.0000
  11.250   1.6597   0.01704  -0.01316  -0.0716   0.0139   1.0000  71.8290 160.0000
  11.300   1.6626   0.01720  -0.01330  -0.0711   0.0136   1.0000  71.9195 160.0000
  11.350   1.6656   0.01736  -0.01344  -0.0707   0.0134   1.0000  72.0012 160.0000
  11.400   1.6692   0.01749  -0.01363  -0.0703   0.0133   1.0000  72.0251 160.0000
  11.450   1.6727   0.01761  -0.01381  -0.0699   0.0132   1.0000  72.0531 160.0000
  11.500   1.6763   0.01775  -0.01400  -0.0695   0.0132   1.0000  72.0850 160.0000
  11.550   1.6797   0.01789  -0.01417  -0.0691   0.0131   1.0000  72.1200 160.0000
  11.600   1.6830   0.01804  -0.01435  -0.0687   0.0130   1.0000  72.1567 160.0000
  11.650   1.6862   0.01819  -0.01452  -0.0682   0.0129   1.0000  72.1958 160.0000
  11.700   1.6894   0.01834  -0.01469  -0.0678   0.0128   1.0000  72.2374 160.0000
  11.750   1.6926   0.01850  -0.01486  -0.0674   0.0126   1.0000  72.2813 160.0000
  11.800   1.6959   0.01866  -0.01503  -0.0670   0.0125   1.0000  72.3270 160.0000
  11.850   1.6990   0.01882  -0.01520  -0.0666   0.0124   1.0000  72.3740 160.0000
  11.900   1.7021   0.01899  -0.01537  -0.0662   0.0123   1.0000  72.4214 160.0000
  11.950   1.7050   0.01917  -0.01552  -0.0657   0.0122   1.0000  72.4692 160.0000
  12.000   1.7078   0.01935  -0.01568  -0.0653   0.0120   1.0000  72.5176 160.0000
  12.050   1.7106   0.01953  -0.01583  -0.0648   0.0119   1.0000  72.5673 160.0000
  12.100   1.7135   0.01972  -0.01599  -0.0644   0.0118   1.0000  72.6188 160.0000
  12.150   1.7162   0.01991  -0.01614  -0.0640   0.0116   1.0000  72.6727 160.0000
  12.200   1.7188   0.02012  -0.01628  -0.0635   0.0115   1.0000  72.7290 160.0000
  12.250   1.7213   0.02033  -0.01642  -0.0630   0.0113   1.0000  72.7876 160.0000
  12.300   1.7238   0.02054  -0.01655  -0.0626   0.0112   1.0000  72.8481 160.0000
  12.350   1.7262   0.02076  -0.01668  -0.0621   0.0110   1.0000  72.9095 160.0000
  12.400   1.7287   0.02099  -0.01681  -0.0617   0.0109   1.0000  72.9702 160.0000
  12.450   1.7313   0.02120  -0.01696  -0.0613   0.0108   1.0000  73.0074 160.0000
  12.500   1.7342   0.02139  -0.01713  -0.0609   0.0107   1.0000  73.0241 160.0000
  12.550   1.7371   0.02160  -0.01729  -0.0605   0.0107   1.0000  73.0429 160.0000
  12.600   1.7399   0.02180  -0.01746  -0.0601   0.0107   1.0000  73.0639 160.0000
  12.650   1.7428   0.02201  -0.01763  -0.0597   0.0106   1.0000  73.0870 160.0000
  12.700   1.7457   0.02221  -0.01780  -0.0593   0.0105   1.0000  73.1121 160.0000
  12.750   1.7484   0.02243  -0.01797  -0.0589   0.0105   1.0000  73.1387 160.0000
  12.800   1.7510   0.02265  -0.01812  -0.0585   0.0104   1.0000  73.1664 160.0000
  12.850   1.7535   0.02289  -0.01826  -0.0581   0.0103   1.0000  73.1956 160.0000
  12.900   1.7560   0.02312  -0.01841  -0.0577   0.0103   1.0000  73.2266 160.0000
  12.950   1.7586   0.02335  -0.01857  -0.0573   0.0102   1.0000  73.2588 160.0000
  13.000   1.7611   0.02359  -0.01872  -0.0569   0.0101   1.0000  73.2917 160.0000
  13.050   1.7634   0.02384  -0.01885  -0.0565   0.0101   1.0000  73.3246 160.0000
  13.100   1.7656   0.02411  -0.01898  -0.0561   0.0100   1.0000  73.3576 160.0000
  13.150   1.7679   0.02437  -0.01911  -0.0557   0.0099   1.0000  73.3913 160.0000
  13.200   1.7702   0.02463  -0.01924  -0.0553   0.0098   1.0000  73.4255 160.0000
  13.250   1.7725   0.02489  -0.01938  -0.0550   0.0097   1.0000  73.4601 160.0000
  13.300   1.7746   0.02518  -0.01949  -0.0546   0.0097   1.0000  73.4941 160.0000
  13.350   1.7766   0.02547  -0.01960  -0.0542   0.0096   1.0000  73.5279 160.0000
  13.400   1.7786   0.02576  -0.01970  -0.0538   0.0095   1.0000  73.5623 160.0000
  13.450   1.7806   0.02606  -0.01982  -0.0534   0.0094   1.0000  73.5974 160.0000
  13.500   1.7826   0.02635  -0.01992  -0.0530   0.0094   1.0000  73.6333 160.0000
  13.550   1.7843   0.02667  -0.02000  -0.0526   0.0093   1.0000  73.6688 160.0000
  13.600   1.7858   0.02700  -0.02007  -0.0522   0.0092   1.0000  73.7049 160.0000
  13.650   1.7874   0.02733  -0.02014  -0.0519   0.0091   1.0000  73.7432 160.0000
  13.700   1.7891   0.02766  -0.02022  -0.0515   0.0090   1.0000  73.7841 160.0000
  13.750   1.7905   0.02801  -0.02028  -0.0511   0.0089   1.0000  73.8262 160.0000
  13.800   1.7916   0.02838  -0.02030  -0.0507   0.0088   1.0000  73.8693 160.0000
  13.850   1.7928   0.02876  -0.02032  -0.0503   0.0087   1.0000  73.9138 160.0000
  13.900   1.7939   0.02914  -0.02034  -0.0499   0.0086   1.0000  73.9596 160.0000
  13.950   1.7949   0.02953  -0.02035  -0.0495   0.0085   1.0000  74.0009 160.0000
  14.000   1.7967   0.02987  -0.02044  -0.0492   0.0085   1.0000  74.0133 160.0000
  14.050   1.7985   0.03022  -0.02052  -0.0489   0.0085   1.0000  74.0270 160.0000
  14.100   1.8004   0.03055  -0.02062  -0.0486   0.0085   1.0000  74.0423 160.0000
  14.150   1.8023   0.03089  -0.02072  -0.0483   0.0084   1.0000  74.0589 160.0000
  14.200   1.8039   0.03125  -0.02079  -0.0480   0.0084   1.0000  74.0764 160.0000
  14.250   1.8054   0.03163  -0.02084  -0.0476   0.0084   1.0000  74.0945 160.0000
  14.300   1.8069   0.03200  -0.02090  -0.0473   0.0083   1.0000  74.1136 160.0000
  14.350   1.8085   0.03237  -0.02096  -0.0470   0.0083   1.0000  74.1333 160.0000
  14.400   1.8100   0.03275  -0.02102  -0.0467   0.0082   1.0000  74.1531 160.0000
  14.450   1.8112   0.03315  -0.02104  -0.0464   0.0082   1.0000  74.1724 160.0000
  14.500   1.8124   0.03357  -0.02106  -0.0461   0.0082   1.0000  74.1921 160.0000
  14.550   1.8137   0.03397  -0.02109  -0.0458   0.0081   1.0000  74.2127 160.0000
  14.600   1.8150   0.03437  -0.02113  -0.0455   0.0081   1.0000  74.2339 160.0000
  14.650   1.8161   0.03481  -0.02113  -0.0453   0.0080   1.0000  74.2547 160.0000
  14.700   1.8170   0.03526  -0.02111  -0.0450   0.0080   1.0000  74.2756 160.0000
  14.750   1.8181   0.03569  -0.02111  -0.0447   0.0080   1.0000  74.2971 160.0000
  14.800   1.8192   0.03612  -0.02112  -0.0444   0.0079   1.0000  74.3194 160.0000
  14.850   1.8202   0.03658  -0.02110  -0.0442   0.0079   1.0000  74.3413 160.0000
  14.900   1.8209   0.03707  -0.02105  -0.0439   0.0078   1.0000  74.3627 160.0000
  14.950   1.8217   0.03754  -0.02101  -0.0437   0.0078   1.0000  74.3846 160.0000
  15.000   1.8226   0.03800  -0.02100  -0.0434   0.0077   1.0000  74.4069 160.0000
  15.050   1.8234   0.03849  -0.02095  -0.0432   0.0077   1.0000  74.4288 160.0000
  15.100   1.8239   0.03901  -0.02087  -0.0430   0.0077   1.0000  74.4498 160.0000
  15.150   1.8245   0.03952  -0.02079  -0.0427   0.0076   1.0000  74.4711 160.0000
  15.200   1.8252   0.04001  -0.02074  -0.0425   0.0076   1.0000  74.4929 160.0000
  15.250   1.8258   0.04052  -0.02067  -0.0423   0.0075   1.0000  74.5141 160.0000
  15.300   1.8259   0.04107  -0.02054  -0.0421   0.0075   1.0000  74.5343 160.0000
  15.350   1.8262   0.04161  -0.02043  -0.0419   0.0075   1.0000  74.5547 160.0000
  15.400   1.8267   0.04214  -0.02034  -0.0417   0.0074   1.0000  74.5757 160.0000
  15.450   1.8270   0.04268  -0.02023  -0.0414   0.0074   1.0000  74.5963 160.0000
  15.500   1.8269   0.04327  -0.02006  -0.0413   0.0073   1.0000  74.6158 160.0000
  15.550   1.8270   0.04385  -0.01991  -0.0411   0.0073   1.0000  74.6359 160.0000
  15.600   1.8273   0.04441  -0.01979  -0.0409   0.0073   1.0000  74.6567 160.0000
  15.650   1.8273   0.04500  -0.01963  -0.0407   0.0072   1.0000  74.6771 160.0000
  15.700   1.8270   0.04563  -0.01941  -0.0406   0.0072   1.0000  74.6966 160.0000
  15.750   1.8268   0.04625  -0.01922  -0.0404   0.0071   1.0000  74.7170 160.0000
  15.800   1.8268   0.04684  -0.01905  -0.0402   0.0071   1.0000  74.7383 160.0000
  15.850   1.8264   0.04748  -0.01882  -0.0401   0.0071   1.0000  74.7589 160.0000
  15.900   1.8258   0.04816  -0.01854  -0.0400   0.0070   1.0000  74.7790 160.0000
  15.950   1.8253   0.04882  -0.01830  -0.0398   0.0070   1.0000  74.8002 160.0000
  16.000   1.8250   0.04946  -0.01808  -0.0397   0.0069   1.0000  74.8223 160.0000
  16.050   1.8241   0.05016  -0.01776  -0.0396   0.0069   1.0000  74.8430 160.0000
  16.100   1.8231   0.05089  -0.01742  -0.0395   0.0069   1.0000  74.8633 160.0000
  16.150   1.8222   0.05158  -0.01712  -0.0393   0.0068   1.0000  74.8848 160.0000
  16.200   1.8213   0.05228  -0.01681  -0.0392   0.0068   1.0000  74.9065 160.0000
  16.250   1.8199   0.05306  -0.01639  -0.0391   0.0067   1.0000  74.9260 160.0000
  16.300   1.8185   0.05383  -0.01600  -0.0390   0.0067   1.0000  74.9462 160.0000
  16.350   1.8174   0.05457  -0.01563  -0.0389   0.0067   1.0000  74.9672 160.0000
  16.400   1.8158   0.05536  -0.01520  -0.0389   0.0066   1.0000  74.9870 160.0000
  16.450   1.8142   0.05617  -0.01474  -0.0388   0.0066   1.0000  75.0015 160.0000
  16.500   1.8137   0.05686  -0.01446  -0.0388   0.0066   1.0000  75.0078 160.0000
  16.550   1.8134   0.05752  -0.01422  -0.0387   0.0066   1.0000  75.0146 160.0000
  16.600   1.8127   0.05825  -0.01389  -0.0386   0.0066   1.0000  75.0213 160.0000
  16.650   1.8117   0.05901  -0.01351  -0.0386   0.0066   1.0000  75.0278 160.0000
  16.700   1.8109   0.05974  -0.01318  -0.0386   0.0065   1.0000  75.0350 160.0000
  16.750   1.8104   0.06044  -0.01289  -0.0385   0.0065   1.0000  75.0429 160.0000
  16.800   1.8096   0.06118  -0.01254  -0.0385   0.0065   1.0000  75.0507 160.0000
  16.850   1.8082   0.06198  -0.01210  -0.0385   0.0065   1.0000  75.0579 160.0000
  16.900   1.8072   0.06275  -0.01171  -0.0385   0.0065   1.0000  75.0659 160.0000
  16.950   1.8063   0.06348  -0.01137  -0.0384   0.0065   1.0000  75.0744 160.0000
  17.000   1.8053   0.06423  -0.01099  -0.0384   0.0065   1.0000  75.0831 160.0000
  17.050   1.8037   0.06507  -0.01050  -0.0384   0.0065   1.0000  75.0909 160.0000
  17.100   1.8023   0.06588  -0.01004  -0.0384   0.0064   1.0000  75.0994 160.0000
  17.150   1.8013   0.06665  -0.00965  -0.0384   0.0064   1.0000  75.1086 160.0000
  17.200   1.8003   0.06742  -0.00926  -0.0384   0.0064   1.0000  75.1181 160.0000
  17.250   1.7985   0.06829  -0.00872  -0.0385   0.0064   1.0000  75.1264 160.0000
  17.300   1.7968   0.06915  -0.00820  -0.0385   0.0064   1.0000  75.1350 160.0000
  17.350   1.7956   0.06996  -0.00775  -0.0386   0.0064   1.0000  75.1446 160.0000
  17.400   1.7945   0.07075  -0.00733  -0.0386   0.0063   1.0000  75.1546 160.0000
  17.450   1.7927   0.07163  -0.00677  -0.0386   0.0063   1.0000  75.1636 160.0000
  17.500   1.7907   0.07254  -0.00618  -0.0387   0.0063   1.0000  75.1721 160.0000
  17.550   1.7891   0.07339  -0.00566  -0.0388   0.0063   1.0000  75.1817 160.0000
  17.600   1.7878   0.07421  -0.00519  -0.0388   0.0063   1.0000  75.1918 160.0000
  17.650   1.7862   0.07507  -0.00466  -0.0389   0.0063   1.0000  75.2015 160.0000
  17.700   1.7839   0.07602  -0.00398  -0.0390   0.0062   1.0000  75.2100 160.0000
  17.750   1.7819   0.07693  -0.00338  -0.0391   0.0062   1.0000  75.2191 160.0000
  17.800   1.7803   0.07778  -0.00284  -0.0392   0.0062   1.0000  75.2290 160.0000
  17.850   1.7788   0.07862  -0.00233  -0.0393   0.0062   1.0000  75.2393 160.0000
  17.900   1.7764   0.07958  -0.00163  -0.0394   0.0062   1.0000  75.2478 160.0000
  17.950   1.7741   0.08055  -0.00092  -0.0395   0.0062   1.0000  75.2564 160.0000
  18.000   1.7722   0.08146  -0.00031  -0.0396   0.0062   1.0000  75.2660 160.0000
  18.050   1.7705   0.08233   0.00026  -0.0397   0.0061   1.0000  75.2762 160.0000
  18.100   1.7687   0.08323   0.00087  -0.0399   0.0061   1.0000  75.2860 160.0000
  18.150   1.7660   0.08426   0.00167  -0.0400   0.0061   1.0000  75.2941 160.0000
  18.200   1.7636   0.08524   0.00241  -0.0402   0.0061   1.0000  75.3028 160.0000
  18.250   1.7617   0.08616   0.00305  -0.0404   0.0061   1.0000  75.3126 160.0000
  18.300   1.7600   0.08705   0.00366  -0.0405   0.0061   1.0000  75.3228 160.0000
  18.350   1.7579   0.08801   0.00437  -0.0407   0.0060   1.0000  75.3320 160.0000
  18.400   1.7549   0.08908   0.00525  -0.0409   0.0060   1.0000  75.3396 160.0000
  18.450   1.7526   0.09007   0.00602  -0.0411   0.0060   1.0000  75.3484 160.0000
  18.500   1.7506   0.09100   0.00671  -0.0412   0.0060   1.0000  75.3581 160.0000
  18.550   1.7488   0.09191   0.00736  -0.0414   0.0060   1.0000  75.3679 160.0000
  18.600   1.7464   0.09290   0.00815  -0.0416   0.0060   1.0000  75.3765 160.0000
  18.650   1.7432   0.09399   0.00910  -0.0419   0.0060   1.0000  75.3837 160.0000
  18.700   1.7407   0.09501   0.00993  -0.0421   0.0059   1.0000  75.3920 160.0000
  18.750   1.7386   0.09597   0.01068  -0.0423   0.0059   1.0000  75.4013 160.0000
  18.800   1.7367   0.09690   0.01139  -0.0425   0.0059   1.0000  75.4110 160.0000
  18.850   1.7344   0.09790   0.01220  -0.0427   0.0059   1.0000  75.4197 160.0000
  18.900   1.7311   0.09904   0.01325  -0.0430   0.0059   1.0000  75.4264 160.0000
  18.950   1.7285   0.10008   0.01415  -0.0433   0.0059   1.0000  75.4344 160.0000
  19.000   1.7263   0.10107   0.01496  -0.0435   0.0059   1.0000  75.4435 160.0000
  19.050   1.7244   0.10203   0.01573  -0.0438   0.0058   1.0000  75.4529 160.0000
  19.100   1.7221   0.10303   0.01658  -0.0440   0.0058   1.0000  75.4615 160.0000
  19.150   1.7188   0.10419   0.01769  -0.0444   0.0058   1.0000  75.4680 160.0000
  19.200   1.7160   0.10528   0.01868  -0.0447   0.0058   1.0000  75.4755 160.0000
  19.250   1.7138   0.10629   0.01957  -0.0450   0.0058   1.0000  75.4842 160.0000
  19.300   1.7117   0.10727   0.02041  -0.0453   0.0058   1.0000  75.4933 160.0000
  19.350   1.7096   0.10827   0.02128  -0.0456   0.0058   1.0000  75.5021 160.0000
  19.400   1.7062   0.10944   0.02247  -0.0460   0.0057   1.0000  75.5083 160.0000
  19.450   1.7032   0.11056   0.02356  -0.0463   0.0057   1.0000  75.5157 160.0000
  19.500   1.7008   0.11158   0.02451  -0.0466   0.0057   1.0000  75.5245 160.0000
  19.550   1.6988   0.11257   0.02540  -0.0469   0.0057   1.0000  75.5342 160.0000
  19.600   1.6967   0.11357   0.02631  -0.0473   0.0057   1.0000  75.5439 160.0000
  19.650   1.6933   0.11476   0.02756  -0.0477   0.0057   1.0000  75.5505 160.0000
  19.700   1.6903   0.11591   0.02876  -0.0481   0.0057   1.0000  75.5581 160.0000
  19.750   1.6880   0.11696   0.02977  -0.0485   0.0056   1.0000  75.5675 160.0000
  19.800   1.6859   0.11797   0.03074  -0.0488   0.0056   1.0000  75.5776 160.0000
  19.850   1.6839   0.11897   0.03169  -0.0492   0.0056   1.0000  75.5880 160.0000
  19.900   1.6807   0.12016   0.03299  -0.0497   0.0056   1.0000  75.5951 160.0000
  19.950   1.6776   0.12135   0.03429  -0.0501   0.0056   1.0000  75.6026 160.0000
  20.000   1.6752   0.12243   0.03541  -0.0506   0.0056   1.0000  75.6120 160.0000
