 -20.000  -0.6535   0.21201   0.23303   0.0132   1.0000   0.0053   1.0000  87.1998
 -19.950  -0.6518   0.21137   0.23190   0.0128   1.0000   0.0053   1.0000  87.2122
 -19.900  -0.6501   0.21073   0.23078   0.0123   1.0000   0.0053   1.0000  87.2244
 -19.850  -0.6484   0.21009   0.22966   0.0119   1.0000   0.0053   1.0000  87.2368
 -19.800  -0.6467   0.20944   0.22854   0.0115   1.0000   0.0054   1.0000  87.2494
 -19.750  -0.6450   0.20880   0.22741   0.0111   1.0000   0.0054   1.0000  87.2625
 -19.700  -0.6433   0.20814   0.22627   0.0107   1.0000   0.0054   1.0000  87.2762
 -19.650  -0.6417   0.20748   0.22512   0.0102   1.0000   0.0054   1.0000  87.2907
 -19.600  -0.6401   0.20680   0.22394   0.0098   1.0000   0.0055   1.0000  87.3062
 -19.550  -0.6385   0.20610   0.22272   0.0094   1.0000   0.0055   1.0000  87.3231
 -19.500  -0.6853   0.18982   0.19023   0.0020   1.0000   0.0071   1.0000  88.1740
 -19.450  -0.6860   0.18854   0.18797   0.0013   1.0000   0.0072   1.0000  88.2150
 -19.400  -0.6864   0.18733   0.18589   0.0006   1.0000   0.0072   1.0000  88.2490
 -19.350  -0.6868   0.18614   0.18384  -0.0001   1.0000   0.0073   1.0000  88.2799
 -19.300  -0.6875   0.18486   0.18162  -0.0009   1.0000   0.0074   1.0000  88.3117
 -19.250  -0.6893   0.18330   0.17887  -0.0017   1.0000   0.0074   1.0000  88.3492
 -19.200  -0.6975   0.18005   0.17281  -0.0036   1.0000   0.0076   1.0000  88.4237
 -19.150  -0.7001   0.17833   0.16979  -0.0045   1.0000   0.0077   1.0000  88.4586
 -19.100  -0.7032   0.17650   0.16658  -0.0056   1.0000   0.0077   1.0000  88.4938
 -19.050  -0.7165   0.17221   0.15862  -0.0081   1.0000   0.0079   1.0000  88.5612
 -19.000  -0.7209   0.17016   0.15507  -0.0093   1.0000   0.0079   1.0000  88.5902
 -18.950  -0.7271   0.16772   0.15079  -0.0107   1.0000   0.0080   1.0000  88.6194
 -18.900  -0.7385   0.16416   0.14443  -0.0128   1.0000   0.0081   1.0000  88.6505
 -18.850  -0.7436   0.16209   0.14094  -0.0141   1.0000   0.0081   1.0000  88.6687
 -18.800  -0.7504   0.15966   0.13681  -0.0156   1.0000   0.0081   1.0000  88.6855
 -18.750  -0.7605   0.15659   0.13151  -0.0174   1.0000   0.0082   1.0000  88.6993
 -18.700  -0.7658   0.15453   0.12816  -0.0187   1.0000   0.0082   1.0000  88.7104
 -18.650  -0.7721   0.15228   0.12449  -0.0201   1.0000   0.0082   1.0000  88.7196
 -18.600  -0.7831   0.14913   0.11921  -0.0221   1.0000   0.0082   1.0000  88.7238
 -18.550  -0.7894   0.14697   0.11580  -0.0234   1.0000   0.0082   1.0000  88.7292
 -18.500  -0.7962   0.14474   0.11227  -0.0248   1.0000   0.0082   1.0000  88.7330
 -18.450  -0.8083   0.14153   0.10703  -0.0269   1.0000   0.0082   1.0000  88.7295
 -18.400  -0.8164   0.13916   0.10332  -0.0284   1.0000   0.0082   1.0000  88.7291
 -18.350  -0.8245   0.13679   0.09966  -0.0299   1.0000   0.0082   1.0000  88.7277
 -18.300  -0.8373   0.13361   0.09459  -0.0319   1.0000   0.0082   1.0000  88.7185
 -18.250  -0.8475   0.13093   0.09047  -0.0337   1.0000   0.0082   1.0000  88.7121
 -18.200  -0.8575   0.12832   0.08650  -0.0354   1.0000   0.0082   1.0000  88.7052
 -18.150  -0.8722   0.12496   0.08126  -0.0375   1.0000   0.0082   1.0000  88.6898
 -18.100  -0.8827   0.12236   0.07736  -0.0392   1.0000   0.0081   1.0000  88.6806
 -18.050  -0.8968   0.11921   0.07254  -0.0413   1.0000   0.0081   1.0000  88.6645
 -18.000  -0.9087   0.11646   0.06845  -0.0431   1.0000   0.0081   1.0000  88.6519
 -17.950  -0.9228   0.11338   0.06382  -0.0450   1.0000   0.0080   1.0000  88.6350
 -17.900  -0.9344   0.11071   0.05992  -0.0468   1.0000   0.0080   1.0000  88.6223
 -17.850  -0.9477   0.10781   0.05565  -0.0486   1.0000   0.0080   1.0000  88.6063
 -17.800  -0.9596   0.10515   0.05180  -0.0503   1.0000   0.0079   1.0000  88.5926
 -17.750  -0.9707   0.10265   0.04822  -0.0519   1.0000   0.0079   1.0000  88.5805
 -17.700  -0.9819   0.10012   0.04464  -0.0534   1.0000   0.0079   1.0000  88.5680
 -17.650  -0.9925   0.09767   0.04121  -0.0550   1.0000   0.0079   1.0000  88.5566
 -17.600  -1.0022   0.09535   0.03804  -0.0564   1.0000   0.0079   1.0000  88.5469
 -17.550  -1.0111   0.09315   0.03509  -0.0578   1.0000   0.0078   1.0000  88.5385
 -17.500  -1.0195   0.09105   0.03230  -0.0591   1.0000   0.0078   1.0000  88.5312
 -17.450  -1.0275   0.08901   0.02964  -0.0604   1.0000   0.0078   1.0000  88.5247
 -17.400  -1.0351   0.08703   0.02709  -0.0617   1.0000   0.0078   1.0000  88.5190
 -17.350  -1.0423   0.08511   0.02465  -0.0629   1.0000   0.0078   1.0000  88.5139
 -17.300  -1.0489   0.08328   0.02237  -0.0641   1.0000   0.0078   1.0000  88.5099
 -17.250  -1.0551   0.08152   0.02022  -0.0653   1.0000   0.0078   1.0000  88.5070
 -17.200  -1.0611   0.07980   0.01815  -0.0664   1.0000   0.0078   1.0000  88.5045
 -17.150  -1.0669   0.07811   0.01612  -0.0675   1.0000   0.0078   1.0000  88.5022
 -17.100  -1.0723   0.07651   0.01424  -0.0685   1.0000   0.0078   1.0000  88.5008
 -17.050  -1.0774   0.07497   0.01245  -0.0696   1.0000   0.0078   1.0000  88.5002
 -17.000  -1.0825   0.07342   0.01067  -0.0706   1.0000   0.0078   1.0000  88.4994
 -16.950  -1.0873   0.07196   0.00901  -0.0715   1.0000   0.0078   1.0000  88.4995
 -16.900  -1.0918   0.07054   0.00741  -0.0725   1.0000   0.0078   1.0000  88.5001
 -16.850  -1.0964   0.06910   0.00581  -0.0734   1.0000   0.0078   1.0000  88.5005
 -16.800  -1.1005   0.06776   0.00436  -0.0743   1.0000   0.0078   1.0000  88.5020
 -16.750  -1.1047   0.06640   0.00288  -0.0751   1.0000   0.0078   1.0000  88.5032
 -16.700  -1.1086   0.06512   0.00151  -0.0760   1.0000   0.0078   1.0000  88.5052
 -16.650  -1.1125   0.06385   0.00015  -0.0768   1.0000   0.0078   1.0000  88.5073
 -16.600  -1.1162   0.06262  -0.00113  -0.0775   1.0000   0.0078   1.0000  88.5097
 -16.550  -1.1199   0.06141  -0.00238  -0.0783   1.0000   0.0078   1.0000  88.5124
 -16.500  -1.1234   0.06025  -0.00357  -0.0790   1.0000   0.0078   1.0000  88.5154
 -16.450  -1.1269   0.05909  -0.00476  -0.0797   1.0000   0.0078   1.0000  88.5184
 -16.400  -1.1300   0.05799  -0.00585  -0.0803   1.0000   0.0078   1.0000  88.5223
 -16.350  -1.1334   0.05686  -0.00699  -0.0810   1.0000   0.0078   1.0000  88.5256
 -16.300  -1.1362   0.05582  -0.00799  -0.0816   1.0000   0.0078   1.0000  88.5301
 -16.250  -1.1393   0.05475  -0.00903  -0.0822   1.0000   0.0078   1.0000  88.5341
 -16.200  -1.1422   0.05372  -0.01002  -0.0828   1.0000   0.0078   1.0000  88.5385
 -16.150  -1.1449   0.05273  -0.01094  -0.0833   1.0000   0.0078   1.0000  88.5435
 -16.100  -1.1478   0.05172  -0.01190  -0.0838   1.0000   0.0079   1.0000  88.5479
 -16.050  -1.1503   0.05078  -0.01276  -0.0843   1.0000   0.0079   1.0000  88.5533
 -16.000  -1.1529   0.04984  -0.01361  -0.0848   1.0000   0.0079   1.0000  88.5587
 -15.950  -1.1555   0.04888  -0.01448  -0.0853   1.0000   0.0079   1.0000  88.5638
 -15.900  -1.1576   0.04800  -0.01524  -0.0857   1.0000   0.0079   1.0000  88.5700
 -15.850  -1.1600   0.04710  -0.01603  -0.0861   1.0000   0.0079   1.0000  88.5758
 -15.800  -1.1623   0.04622  -0.01679  -0.0865   1.0000   0.0079   1.0000  88.5818
 -15.750  -1.1642   0.04539  -0.01747  -0.0869   1.0000   0.0079   1.0000  88.5885
 -15.700  -1.1664   0.04454  -0.01819  -0.0873   1.0000   0.0080   1.0000  88.5947
 -15.650  -1.1684   0.04373  -0.01885  -0.0876   1.0000   0.0080   1.0000  88.6013
 -15.600  -1.1702   0.04295  -0.01947  -0.0879   1.0000   0.0080   1.0000  88.6083
 -15.550  -1.1722   0.04215  -0.02011  -0.0882   1.0000   0.0080   1.0000  88.6151
 -15.500  -1.1739   0.04140  -0.02068  -0.0885   1.0000   0.0080   1.0000  88.6224
 -15.450  -1.1755   0.04066  -0.02123  -0.0887   1.0000   0.0080   1.0000  88.6299
 -15.400  -1.1772   0.03991  -0.02180  -0.0890   1.0000   0.0080   1.0000  88.6372
 -15.350  -1.1786   0.03920  -0.02230  -0.0892   1.0000   0.0081   1.0000  88.6453
 -15.300  -1.1799   0.03851  -0.02279  -0.0894   1.0000   0.0081   1.0000  88.6533
 -15.250  -1.1814   0.03780  -0.02328  -0.0896   1.0000   0.0081   1.0000  88.6611
 -15.200  -1.1825   0.03714  -0.02371  -0.0897   1.0000   0.0081   1.0000  88.6697
 -15.150  -1.1836   0.03649  -0.02413  -0.0899   1.0000   0.0081   1.0000  88.6781
 -15.100  -1.1847   0.03583  -0.02456  -0.0901   1.0000   0.0081   1.0000  88.6865
 -15.050  -1.1855   0.03521  -0.02493  -0.0902   1.0000   0.0082   1.0000  88.6957
 -15.000  -1.1862   0.03459  -0.02529  -0.0903   1.0000   0.0082   1.0000  88.7047
 -14.950  -1.1871   0.03397  -0.02565  -0.0904   1.0000   0.0082   1.0000  88.7136
 -14.900  -1.1876   0.03339  -0.02595  -0.0905   1.0000   0.0082   1.0000  88.7231
 -14.850  -1.1881   0.03281  -0.02626  -0.0905   1.0000   0.0082   1.0000  88.7325
 -14.800  -1.1887   0.03223  -0.02655  -0.0906   1.0000   0.0083   1.0000  88.7418
 -14.750  -1.1889   0.03169  -0.02680  -0.0906   1.0000   0.0083   1.0000  88.7517
 -14.700  -1.1891   0.03115  -0.02704  -0.0906   1.0000   0.0083   1.0000  88.7615
 -14.650  -1.1893   0.03061  -0.02728  -0.0906   1.0000   0.0083   1.0000  88.7711
 -14.600  -1.1893   0.03010  -0.02748  -0.0906   1.0000   0.0083   1.0000  88.7812
 -14.550  -1.1892   0.02960  -0.02766  -0.0906   1.0000   0.0084   1.0000  88.7913
 -14.500  -1.1891   0.02909  -0.02785  -0.0906   1.0000   0.0084   1.0000  88.8011
 -14.450  -1.1888   0.02862  -0.02799  -0.0905   1.0000   0.0084   1.0000  88.8113
 -14.400  -1.1884   0.02816  -0.02811  -0.0905   1.0000   0.0084   1.0000  88.8217
 -14.350  -1.1879   0.02770  -0.02823  -0.0904   1.0000   0.0085   1.0000  88.8324
 -14.300  -1.1873   0.02726  -0.02832  -0.0903   1.0000   0.0085   1.0000  88.8435
 -14.250  -1.1864   0.02684  -0.02837  -0.0903   1.0000   0.0085   1.0000  88.8550
 -14.200  -1.1855   0.02643  -0.02842  -0.0902   1.0000   0.0085   1.0000  88.8663
 -14.150  -1.1846   0.02602  -0.02846  -0.0900   1.0000   0.0086   1.0000  88.8776
 -14.100  -1.1834   0.02564  -0.02846  -0.0899   1.0000   0.0086   1.0000  88.8890
 -14.050  -1.1822   0.02526  -0.02846  -0.0898   1.0000   0.0086   1.0000  88.9001
 -14.000  -1.1782   0.02483  -0.02839  -0.0902   0.9999   0.0086   1.0150  88.9143
 -13.950  -1.1728   0.02439  -0.02827  -0.0908   0.9997   0.0087   1.0390  88.9295
 -13.800  -1.1739   0.02344  -0.02826  -0.0891   0.9914   0.0087   2.0360  88.9508
 -13.750  -1.1676   0.02304  -0.02807  -0.0898   0.9870   0.0087   2.4206  88.9636
 -13.700  -1.1600   0.02263  -0.02785  -0.0908   0.9830   0.0088   2.7696  88.9761
 -13.650  -1.1516   0.02220  -0.02760  -0.0919   0.9802   0.0088   3.0191  88.9874
 -13.600  -1.1427   0.02179  -0.02734  -0.0931   0.9774   0.0088   3.2281  88.9975
 -13.550  -1.1351   0.02117  -0.02738  -0.0945   0.9746   0.0089   3.4416  89.0317
 -13.500  -1.1259   0.02053  -0.02736  -0.0962   0.9719   0.0090   3.6409  89.0764
 -13.450  -1.1158   0.02000  -0.02720  -0.0978   0.9701   0.0091   3.7780  89.1191
 -13.400  -1.1049   0.01953  -0.02695  -0.0994   0.9690   0.0092   3.8596  89.1597
 -13.350  -1.0935   0.01912  -0.02664  -0.1010   0.9686   0.0093   3.8910  89.1984
 -13.300  -1.0818   0.01874  -0.02628  -0.1026   0.9681   0.0094   3.9283  89.2352
 -13.250  -1.0709   0.01841  -0.02592  -0.1039   0.9670   0.0095   4.0119  89.2687
 -13.200  -1.0597   0.01810  -0.02554  -0.1053   0.9650   0.0095   4.1458  89.3017
 -13.150  -1.0478   0.01780  -0.02515  -0.1067   0.9609   0.0096   4.4207  89.3354
 -13.100  -1.0369   0.01754  -0.02477  -0.1080   0.9512   0.0097   5.0736  89.3668
 -13.050  -1.0329   0.01738  -0.02455  -0.1079   0.9335   0.0097   6.1961  89.3861
 -13.000  -1.0322   0.01725  -0.02439  -0.1071   0.9196   0.0098   7.0573  89.3992
 -12.950  -1.0311   0.01711  -0.02421  -0.1065   0.9103   0.0098   7.6255  89.4132
 -12.900  -1.0302   0.01697  -0.02405  -0.1058   0.9024   0.0098   8.1044  89.4267
 -12.850  -1.0286   0.01681  -0.02386  -0.1053   0.8964   0.0099   8.4693  89.4415
 -12.800  -1.0273   0.01667  -0.02368  -0.1047   0.8901   0.0099   8.8490  89.4559
 -12.750  -1.0256   0.01652  -0.02349  -0.1041   0.8854   0.0099   9.1372  89.4708
 -12.700  -1.0238   0.01636  -0.02329  -0.1036   0.8810   0.0100   9.3994  89.4863
 -12.650  -1.0220   0.01622  -0.02310  -0.1030   0.8763   0.0100   9.6821  89.5016
 -12.600  -1.0205   0.01608  -0.02291  -0.1024   0.8715   0.0100   9.9735  89.5166
 -12.550  -1.0185   0.01593  -0.02271  -0.1019   0.8683   0.0101  10.1607  89.5325
 -12.500  -1.0165   0.01578  -0.02251  -0.1014   0.8649   0.0101  10.3659  89.5485
 -12.450  -1.0146   0.01564  -0.02231  -0.1008   0.8611   0.0102  10.5936  89.5643
 -12.400  -1.0130   0.01550  -0.02212  -0.1002   0.8570   0.0102  10.8375  89.5797
 -12.350  -1.0113   0.01537  -0.02192  -0.0997   0.8536   0.0102  11.0466  89.5953
 -12.300  -1.0094   0.01523  -0.02172  -0.0991   0.8509   0.0103  11.2041  89.6112
 -12.250  -1.0077   0.01509  -0.02152  -0.0985   0.8479   0.0103  11.3868  89.6268
 -12.200  -1.0061   0.01496  -0.02132  -0.0979   0.8445   0.0104  11.5874  89.6420
 -12.150  -1.0049   0.01483  -0.02114  -0.0972   0.8409   0.0104  11.8036  89.6567
 -12.100  -1.0038   0.01471  -0.02095  -0.0964   0.8374   0.0104  12.0143  89.6710
 -12.050  -1.0027   0.01458  -0.02076  -0.0957   0.8352   0.0105  12.1457  89.6852
 -12.000  -1.0021   0.01446  -0.02058  -0.0949   0.8326   0.0105  12.3022  89.6986
 -11.950  -1.0020   0.01436  -0.02041  -0.0940   0.8296   0.0105  12.4790  89.7108
 -11.900  -1.0021   0.01426  -0.02023  -0.0930   0.8265   0.0105  12.6667  89.7226
 -11.850  -1.0011   0.01418  -0.02004  -0.0922   0.8234   0.0106  12.8532  89.7366
 -11.800  -0.9983   0.01409  -0.01980  -0.0916   0.8207   0.0106  13.0141  89.7532
 -11.750  -0.9948   0.01398  -0.01956  -0.0912   0.8191   0.0107  13.1072  89.7709
 -11.700  -0.9912   0.01388  -0.01931  -0.0908   0.8173   0.0107  13.2150  89.7885
 -11.650  -0.9875   0.01378  -0.01906  -0.0904   0.8153   0.0108  13.3351  89.8057
 -11.600  -0.9838   0.01369  -0.01881  -0.0900   0.8132   0.0108  13.4644  89.8226
 -11.550  -0.9799   0.01359  -0.01857  -0.0896   0.8109   0.0108  13.6000  89.8390
 -11.500  -0.9761   0.01350  -0.01832  -0.0892   0.8085   0.0109  13.7419  89.8549
 -11.450  -0.9721   0.01342  -0.01807  -0.0889   0.8060   0.0109  13.8918  89.8702
 -11.400  -0.9680   0.01333  -0.01782  -0.0885   0.8039   0.0109  14.0181  89.8851
 -11.350  -0.9636   0.01324  -0.01757  -0.0882   0.8026   0.0110  14.0952  89.8994
 -11.300  -0.9593   0.01315  -0.01732  -0.0879   0.8012   0.0110  14.1831  89.9130
 -11.250  -0.9548   0.01306  -0.01707  -0.0876   0.7996   0.0110  14.2809  89.9258
 -11.200  -0.9503   0.01298  -0.01682  -0.0873   0.7978   0.0111  14.3865  89.9378
 -11.150  -0.9458   0.01289  -0.01657  -0.0870   0.7960   0.0111  14.4976  89.9489
 -11.100  -0.9413   0.01282  -0.01632  -0.0867   0.7940   0.0111  14.6143  89.9594
 -11.050  -0.9366   0.01274  -0.01607  -0.0864   0.7921   0.0112  14.7325  89.9688
 -11.000  -0.9320   0.01267  -0.01583  -0.0861   0.7899   0.0112  14.8602  89.9776
 -10.900  -0.9224   0.01251  -0.01533  -0.0856   0.7867   0.0112  15.0572  89.9930
 -10.850  -0.9174   0.01244  -0.01509  -0.0854   0.7855   0.0112  15.1298  89.9999
 -10.800  -0.9137   0.01229  -0.01494  -0.0850   0.7841   0.0113  15.2151  90.0435
 -10.750  -0.9097   0.01216  -0.01478  -0.0847   0.7825   0.0115  15.3081  90.0884
 -10.700  -0.9054   0.01204  -0.01459  -0.0844   0.7809   0.0116  15.4071  90.1327
 -10.650  -0.9008   0.01194  -0.01440  -0.0841   0.7792   0.0117  15.5105  90.1751
 -10.600  -0.8961   0.01185  -0.01419  -0.0838   0.7774   0.0118  15.6173  90.2147
 -10.550  -0.8913   0.01176  -0.01397  -0.0836   0.7756   0.0119  15.7281  90.2513
 -10.500  -0.8864   0.01169  -0.01376  -0.0834   0.7736   0.0120  15.8444  90.2850
 -10.400  -0.8762   0.01153  -0.01331  -0.0830   0.7705   0.0122  16.0353  90.3449
 -10.350  -0.8710   0.01146  -0.01309  -0.0828   0.7695   0.0122  16.0977  90.3721
 -10.300  -0.8658   0.01139  -0.01287  -0.0826   0.7683   0.0123  16.1665  90.3977
 -10.250  -0.8605   0.01131  -0.01265  -0.0824   0.7671   0.0124  16.2426  90.4230
 -10.200  -0.8552   0.01125  -0.01244  -0.0822   0.7657   0.0125  16.3252  90.4481
 -10.150  -0.8499   0.01118  -0.01222  -0.0821   0.7643   0.0125  16.4104  90.4730
 -10.100  -0.8445   0.01111  -0.01201  -0.0819   0.7627   0.0126  16.5056  90.4982
 -10.050  -0.8392   0.01105  -0.01180  -0.0817   0.7612   0.0127  16.6009  90.5230
 -10.000  -0.8338   0.01099  -0.01159  -0.0816   0.7595   0.0127  16.7004  90.5475
  -9.950  -0.8284   0.01093  -0.01139  -0.0814   0.7578   0.0128  16.8073  90.5719
  -9.900  -0.8230   0.01087  -0.01118  -0.0812   0.7559   0.0129  16.9195  90.5964
  -9.850  -0.8176   0.01081  -0.01098  -0.0811   0.7544   0.0129  17.0142  90.6209
  -9.800  -0.8120   0.01074  -0.01078  -0.0810   0.7534   0.0130  17.0700  90.6456
  -9.750  -0.8065   0.01068  -0.01059  -0.0808   0.7524   0.0131  17.1337  90.6703
  -9.700  -0.8009   0.01062  -0.01039  -0.0807   0.7512   0.0131  17.2054  90.6947
  -9.650  -0.7953   0.01056  -0.01020  -0.0806   0.7499   0.0132  17.2844  90.7190
  -9.600  -0.7898   0.01050  -0.01001  -0.0804   0.7486   0.0133  17.3668  90.7428
  -9.550  -0.7842   0.01045  -0.00983  -0.0803   0.7471   0.0133  17.4575  90.7663
  -9.500  -0.7786   0.01039  -0.00964  -0.0802   0.7455   0.0134  17.5556  90.7894
  -9.450  -0.7730   0.01034  -0.00946  -0.0801   0.7439   0.0135  17.6535  90.8116
  -9.400  -0.7674   0.01029  -0.00928  -0.0799   0.7421   0.0135  17.7602  90.8328
  -9.350  -0.7618   0.01023  -0.00911  -0.0798   0.7402   0.0136  17.8744  90.8533
  -9.250  -0.7504   0.01013  -0.00876  -0.0796   0.7373   0.0137  18.0508  90.8914
  -9.200  -0.7447   0.01008  -0.00858  -0.0795   0.7363   0.0137  18.1140  90.9086
  -9.150  -0.7389   0.01003  -0.00841  -0.0794   0.7351   0.0138  18.1855  90.9244
  -9.100  -0.7331   0.00998  -0.00825  -0.0793   0.7339   0.0138  18.2621  90.9388
  -9.050  -0.7274   0.00993  -0.00808  -0.0792   0.7325   0.0139  18.3480  90.9521
  -9.000  -0.7216   0.00988  -0.00792  -0.0791   0.7310   0.0139  18.4396  90.9641
  -8.950  -0.7158   0.00984  -0.00776  -0.0791   0.7294   0.0139  18.5385  90.9750
  -8.900  -0.7100   0.00979  -0.00760  -0.0790   0.7278   0.0140  18.6371  90.9844
  -8.850  -0.7042   0.00975  -0.00744  -0.0789   0.7260   0.0140  18.7437  90.9934
  -8.800  -0.6985   0.00971  -0.00729  -0.0788   0.7241   0.0140  18.8578  91.0078
  -8.700  -0.6876   0.00955  -0.00706  -0.0786   0.7212   0.0144  19.0402  91.1256
  -8.650  -0.6819   0.00948  -0.00693  -0.0785   0.7202   0.0146  19.1000  91.1839
  -8.600  -0.6762   0.00941  -0.00680  -0.0784   0.7191   0.0147  19.1670  91.2382
  -8.550  -0.6705   0.00936  -0.00667  -0.0783   0.7179   0.0149  19.2406  91.2876
  -8.500  -0.6647   0.00930  -0.00653  -0.0782   0.7166   0.0150  19.3221  91.3325
  -8.450  -0.6588   0.00925  -0.00640  -0.0782   0.7152   0.0152  19.4059  91.3722
  -8.400  -0.6530   0.00920  -0.00627  -0.0781   0.7138   0.0153  19.4927  91.4078
  -8.350  -0.6472   0.00916  -0.00614  -0.0780   0.7123   0.0154  19.5818  91.4420
  -8.300  -0.6413   0.00912  -0.00601  -0.0780   0.7108   0.0155  19.6724  91.4753
  -8.250  -0.6354   0.00907  -0.00588  -0.0779   0.7092   0.0156  19.7713  91.5080
  -8.200  -0.6296   0.00903  -0.00575  -0.0779   0.7075   0.0157  19.8752  91.5406
  -8.100  -0.6177   0.00895  -0.00550  -0.0778   0.7049   0.0159  20.0378  91.6055
  -8.050  -0.6118   0.00890  -0.00538  -0.0777   0.7040   0.0160  20.0904  91.6377
  -8.000  -0.6058   0.00886  -0.00526  -0.0777   0.7030   0.0161  20.1493  91.6691
  -7.950  -0.5998   0.00882  -0.00515  -0.0777   0.7020   0.0162  20.2141  91.6998
  -7.900  -0.5938   0.00878  -0.00503  -0.0776   0.7008   0.0163  20.2844  91.7300
  -7.850  -0.5878   0.00874  -0.00492  -0.0776   0.6996   0.0164  20.3593  91.7596
  -7.800  -0.5818   0.00870  -0.00480  -0.0776   0.6983   0.0165  20.4382  91.7886
  -7.750  -0.5759   0.00867  -0.00469  -0.0775   0.6970   0.0166  20.5203  91.8165
  -7.700  -0.5699   0.00863  -0.00459  -0.0775   0.6956   0.0167  20.6050  91.8432
  -7.650  -0.5639   0.00860  -0.00448  -0.0775   0.6942   0.0167  20.6920  91.8684
  -7.600  -0.5579   0.00857  -0.00438  -0.0774   0.6926   0.0168  20.7898  91.8914
  -7.550  -0.5519   0.00853  -0.00427  -0.0774   0.6910   0.0169  20.8912  91.9129
  -7.450  -0.5398   0.00847  -0.00407  -0.0774   0.6885   0.0170  21.0406  91.9504
  -7.400  -0.5337   0.00843  -0.00397  -0.0774   0.6877   0.0170  21.0892  91.9655
  -7.350  -0.5277   0.00840  -0.00388  -0.0773   0.6868   0.0171  21.1460  91.9793
  -7.300  -0.5216   0.00837  -0.00378  -0.0773   0.6858   0.0171  21.2056  91.9913
  -7.250  -0.5155   0.00833  -0.00369  -0.0773   0.6848   0.0172  21.2717  92.0043
  -7.200  -0.5096   0.00828  -0.00361  -0.0773   0.6836   0.0174  21.3423  92.0715
  -7.150  -0.5036   0.00823  -0.00354  -0.0773   0.6824   0.0177  21.4167  92.1400
  -7.100  -0.4977   0.00819  -0.00346  -0.0773   0.6811   0.0179  21.4944  92.2091
  -7.050  -0.4917   0.00815  -0.00338  -0.0772   0.6798   0.0182  21.5753  92.2793
  -7.000  -0.4857   0.00811  -0.00330  -0.0772   0.6784   0.0184  21.6598  92.3467
  -6.950  -0.4797   0.00808  -0.00322  -0.0772   0.6770   0.0186  21.7494  92.4090
  -6.900  -0.4737   0.00804  -0.00315  -0.0772   0.6754   0.0188  21.8452  92.4664
  -6.800  -0.4616   0.00798  -0.00299  -0.0772   0.6726   0.0192  22.0158  92.5709
  -6.750  -0.4555   0.00794  -0.00291  -0.0772   0.6719   0.0194  22.0591  92.6190
  -6.700  -0.4493   0.00791  -0.00284  -0.0772   0.6711   0.0196  22.1092  92.6645
  -6.650  -0.4432   0.00788  -0.00277  -0.0772   0.6703   0.0197  22.1626  92.7076
  -6.600  -0.4371   0.00785  -0.00269  -0.0772   0.6693   0.0199  22.2237  92.7501
  -6.550  -0.4310   0.00782  -0.00262  -0.0772   0.6682   0.0200  22.2883  92.7897
  -6.500  -0.4249   0.00779  -0.00256  -0.0772   0.6671   0.0201  22.3570  92.8268
  -6.450  -0.4187   0.00776  -0.00249  -0.0773   0.6659   0.0203  22.4293  92.8614
  -6.400  -0.4126   0.00774  -0.00242  -0.0773   0.6647   0.0204  22.5045  92.8931
  -6.350  -0.4065   0.00771  -0.00236  -0.0773   0.6634   0.0205  22.5824  92.9213
  -6.300  -0.4004   0.00769  -0.00229  -0.0773   0.6621   0.0206  22.6628  92.9459
  -6.250  -0.3943   0.00767  -0.00223  -0.0773   0.6607   0.0207  22.7515  92.9663
  -6.200  -0.3882   0.00765  -0.00217  -0.0773   0.6592   0.0207  22.8453  92.9838
  -6.100  -0.3760   0.00759  -0.00206  -0.0773   0.6564   0.0211  23.0135  93.0777
  -6.050  -0.3699   0.00755  -0.00201  -0.0774   0.6558   0.0215  23.0545  93.1725
  -6.000  -0.3638   0.00751  -0.00196  -0.0774   0.6550   0.0219  23.1013  93.2659
  -5.950  -0.3576   0.00748  -0.00191  -0.0774   0.6542   0.0222  23.1539  93.3531
  -5.900  -0.3515   0.00745  -0.00185  -0.0774   0.6532   0.0226  23.2123  93.4311
  -5.850  -0.3454   0.00742  -0.00180  -0.0774   0.6522   0.0229  23.2778  93.5028
  -5.800  -0.3392   0.00739  -0.00176  -0.0775   0.6510   0.0231  23.3466  93.5686
  -5.750  -0.3331   0.00736  -0.00171  -0.0775   0.6499   0.0234  23.4197  93.6319
  -5.700  -0.3270   0.00734  -0.00166  -0.0775   0.6486   0.0237  23.4963  93.6927
  -5.650  -0.3208   0.00732  -0.00161  -0.0775   0.6473   0.0239  23.5762  93.7502
  -5.600  -0.3147   0.00730  -0.00156  -0.0776   0.6460   0.0241  23.6592  93.8033
  -5.550  -0.3086   0.00728  -0.00152  -0.0776   0.6445   0.0243  23.7517  93.8513
  -5.500  -0.3025   0.00726  -0.00147  -0.0776   0.6429   0.0245  23.8505  93.8938
  -5.400  -0.2902   0.00722  -0.00139  -0.0777   0.6401   0.0248  24.0197  93.9601
  -5.350  -0.2839   0.00720  -0.00134  -0.0777   0.6394   0.0249  24.0639  93.9863
  -5.300  -0.2777   0.00718  -0.00130  -0.0778   0.6386   0.0251  24.1145  94.0319
  -5.250  -0.2716   0.00714  -0.00127  -0.0778   0.6377   0.0257  24.1715  94.1617
  -5.200  -0.2654   0.00711  -0.00124  -0.0778   0.6367   0.0264  24.2347  94.2962
  -5.150  -0.2593   0.00709  -0.00120  -0.0779   0.6355   0.0270  24.3034  94.4150
  -5.100  -0.2532   0.00706  -0.00117  -0.0779   0.6343   0.0274  24.3787  94.5147
  -5.050  -0.2470   0.00704  -0.00114  -0.0780   0.6331   0.0279  24.4560  94.6026
  -5.000  -0.2409   0.00701  -0.00110  -0.0780   0.6318   0.0283  24.5365  94.6824
  -4.950  -0.2347   0.00699  -0.00107  -0.0780   0.6304   0.0286  24.6195  94.7563
  -4.900  -0.2286   0.00698  -0.00104  -0.0781   0.6290   0.0289  24.7091  94.8226
  -4.850  -0.2225   0.00696  -0.00101  -0.0781   0.6275   0.0292  24.8045  94.8807
  -4.800  -0.2163   0.00695  -0.00097  -0.0781   0.6258   0.0295  24.9053  94.9290
  -4.750  -0.2101   0.00693  -0.00094  -0.0782   0.6243   0.0297  25.0011  94.9683
  -4.700  -0.2039   0.00691  -0.00091  -0.0782   0.6236   0.0298  25.0400  94.9958
  -4.650  -0.1977   0.00689  -0.00089  -0.0783   0.6229   0.0305  25.0847  95.1170
  -4.600  -0.1915   0.00686  -0.00086  -0.0783   0.6221   0.0314  25.1346  95.2764
  -4.550  -0.1853   0.00683  -0.00084  -0.0784   0.6212   0.0322  25.1898  95.4226
  -4.500  -0.1792   0.00681  -0.00082  -0.0784   0.6203   0.0329  25.2502  95.5467
  -4.450  -0.1730   0.00678  -0.00079  -0.0785   0.6192   0.0336  25.3152  95.6594
  -4.400  -0.1668   0.00676  -0.00077  -0.0785   0.6181   0.0342  25.3843  95.7642
  -4.350  -0.1606   0.00674  -0.00075  -0.0786   0.6169   0.0347  25.4569  95.8585
  -4.300  -0.1545   0.00673  -0.00072  -0.0786   0.6157   0.0351  25.5336  95.9391
  -4.250  -0.1483   0.00671  -0.00070  -0.0787   0.6145   0.0355  25.6116  95.9979
  -4.200  -0.1422   0.00669  -0.00068  -0.0787   0.6131   0.0368  25.6948  96.2027
  -4.150  -0.1360   0.00667  -0.00066  -0.0788   0.6117   0.0383  25.7841  96.4164
  -4.100  -0.1299   0.00665  -0.00065  -0.0788   0.6101   0.0395  25.8795  96.5944
  -4.000  -0.1176   0.00660  -0.00061  -0.0789   0.6078   0.0416  26.0265  96.9092
  -3.950  -0.1113   0.00658  -0.00059  -0.0790   0.6071   0.0430  26.0680  97.0992
  -3.900  -0.1052   0.00654  -0.00058  -0.0790   0.6064   0.0457  26.1147  97.4499
  -3.850  -0.0990   0.00651  -0.00057  -0.0791   0.6055   0.0479  26.1665  97.7275
  -3.800  -0.0928   0.00649  -0.00056  -0.0792   0.6046   0.0496  26.2232  97.9433
  -3.750  -0.0866   0.00646  -0.00054  -0.0792   0.6036   0.0526  26.2842  98.2784
  -3.700  -0.0805   0.00642  -0.00054  -0.0793   0.6026   0.0559  26.3489  98.6282
  -3.650  -0.0743   0.00640  -0.00052  -0.0794   0.6015   0.0582  26.4170  98.8818
  -3.600  -0.0681   0.00638  -0.00051  -0.0794   0.6004   0.0608  26.4880  99.1357
  -3.550  -0.0620   0.00634  -0.00051  -0.0795   0.5992   0.0651  26.5616  99.5414
  -3.500  -0.0559   0.00631  -0.00050  -0.0796   0.5979   0.0683  26.6386  99.8350
  -3.450  -0.0497   0.00629  -0.00048  -0.0796   0.5966   0.0707  26.7203 100.0577
  -3.400  -0.0436   0.00626  -0.00048  -0.0797   0.5952   0.0762  26.8082 100.5078
  -3.350  -0.0375   0.00623  -0.00047  -0.0797   0.5937   0.0800  26.9009 100.8242
  -3.250  -0.0251   0.00616  -0.00046  -0.0799   0.5916   0.0893  27.0310 101.5472
  -3.200  -0.0189   0.00613  -0.00045  -0.0800   0.5910   0.0936  27.0698 101.8729
  -3.150  -0.0127   0.00610  -0.00045  -0.0800   0.5903   0.0987  27.1133 102.2369
  -3.100  -0.0066   0.00605  -0.00045  -0.0801   0.5896   0.1056  27.1610 102.7295
  -3.050  -0.0004   0.00602  -0.00044  -0.0802   0.5887   0.1108  27.2130 103.0964
  -3.000   0.0058   0.00596  -0.00044  -0.0803   0.5878   0.1204  27.2685 103.7436
  -2.950   0.0120   0.00592  -0.00044  -0.0804   0.5869   0.1282  27.3274 104.2703
  -2.900   0.0181   0.00587  -0.00044  -0.0805   0.5859   0.1375  27.3890 104.8830
  -2.850   0.0242   0.00582  -0.00045  -0.0806   0.5849   0.1474  27.4530 105.5292
  -2.700   0.0427   0.00569  -0.00045  -0.0808   0.5816   0.1746  27.6604 107.2689
  -2.650   0.0488   0.00564  -0.00045  -0.0809   0.5803   0.1846  27.7373 107.9032
  -2.600   0.0550   0.00559  -0.00045  -0.0810   0.5790   0.1966  27.8202 108.6583
  -2.550   0.0611   0.00554  -0.00046  -0.0811   0.5776   0.2069  27.9067 109.3013
  -2.450   0.0735   0.00543  -0.00047  -0.0813   0.5757   0.2317  28.0261 110.8509
  -2.400   0.0797   0.00536  -0.00048  -0.0814   0.5752   0.2466  28.0594 111.7807
  -2.350   0.0859   0.00528  -0.00049  -0.0816   0.5746   0.2626  28.0965 112.7789
  -2.300   0.0921   0.00521  -0.00050  -0.0817   0.5739   0.2796  28.1373 113.8335
  -2.250   0.0983   0.00513  -0.00051  -0.0818   0.5732   0.2968  28.1817 114.9035
  -2.200   0.1045   0.00506  -0.00052  -0.0820   0.5724   0.3132  28.2293 115.9264
  -2.150   0.1107   0.00500  -0.00053  -0.0821   0.5716   0.3281  28.2800 116.8550
  -2.050   0.1231   0.00488  -0.00054  -0.0823   0.5699   0.3551  28.3900 118.5395
  -2.000   0.1293   0.00482  -0.00055  -0.0824   0.5689   0.3685  28.4487 119.3854
  -1.950   0.1355   0.00476  -0.00056  -0.0826   0.5679   0.3835  28.5098 120.3392
  -1.900   0.1417   0.00469  -0.00056  -0.0827   0.5669   0.4010  28.5735 121.4582
  -1.850   0.1479   0.00464  -0.00056  -0.0828   0.5659   0.4155  28.6406 122.3892
  -1.800   0.1541   0.00462  -0.00056  -0.0829   0.5647   0.4251  28.7125 122.9983
  -1.750   0.1603   0.00459  -0.00056  -0.0830   0.5635   0.4335  28.7905 123.5330
  -1.700   0.1666   0.00458  -0.00055  -0.0831   0.5621   0.4386  28.8733 123.8568
  -1.600   0.1791   0.00457  -0.00054  -0.0832   0.5599   0.4453  29.0121 124.2738
  -1.550   0.1854   0.00455  -0.00053  -0.0833   0.5594   0.4487  29.0408 124.4897
  -1.500   0.1917   0.00454  -0.00053  -0.0834   0.5589   0.4520  29.0733 124.6937
  -1.450   0.1980   0.00454  -0.00052  -0.0835   0.5583   0.4545  29.1102 124.8503
  -1.400   0.2043   0.00454  -0.00052  -0.0836   0.5577   0.4564  29.1496 124.9728
  -1.350   0.2106   0.00452  -0.00052  -0.0837   0.5570   0.4604  29.1928 125.2184
  -1.300   0.2169   0.00451  -0.00051  -0.0838   0.5563   0.4651  29.2389 125.5090
  -1.250   0.2232   0.00450  -0.00051  -0.0839   0.5555   0.4688  29.2875 125.7421
  -1.200   0.2294   0.00450  -0.00050  -0.0839   0.5547   0.4716  29.3382 125.9113
  -1.150   0.2357   0.00449  -0.00050  -0.0840   0.5539   0.4741  29.3904 126.0700
  -1.100   0.2420   0.00448  -0.00050  -0.0841   0.5530   0.4782  29.4437 126.3228
  -1.050   0.2482   0.00447  -0.00049  -0.0842   0.5521   0.4814  29.4981 126.5180
  -1.000   0.2545   0.00447  -0.00049  -0.0843   0.5512   0.4841  29.5534 126.6824
  -0.950   0.2607   0.00447  -0.00049  -0.0843   0.5503   0.4861  29.6109 126.8102
  -0.900   0.2670   0.00448  -0.00048  -0.0844   0.5494   0.4877  29.6712 126.9064
  -0.850   0.2732   0.00448  -0.00048  -0.0845   0.5482   0.4889  29.7409 126.9849
  -0.800   0.2794   0.00448  -0.00048  -0.0846   0.5470   0.4916  29.8162 127.1511
  -0.750   0.2857   0.00448  -0.00047  -0.0847   0.5458   0.4949  29.8966 127.3483
  -0.650   0.2982   0.00447  -0.00047  -0.0848   0.5438   0.4998  30.0172 127.6529
  -0.600   0.3045   0.00447  -0.00047  -0.0849   0.5434   0.5017  30.0453 127.7699
  -0.550   0.3108   0.00447  -0.00047  -0.0850   0.5429   0.5033  30.0775 127.8665
  -0.500   0.3171   0.00447  -0.00047  -0.0851   0.5423   0.5045  30.1142 127.9423
  -0.450   0.3234   0.00447  -0.00047  -0.0851   0.5416   0.5055  30.1554 128.0017
  -0.400   0.3297   0.00446  -0.00047  -0.0852   0.5409   0.5083  30.2011 128.1719
  -0.350   0.3359   0.00446  -0.00047  -0.0853   0.5401   0.5110  30.2512 128.3412
  -0.300   0.3422   0.00445  -0.00047  -0.0854   0.5392   0.5135  30.3053 128.4920
  -0.250   0.3485   0.00445  -0.00047  -0.0855   0.5383   0.5157  30.3630 128.6299
  -0.200   0.3547   0.00445  -0.00047  -0.0856   0.5373   0.5177  30.4238 128.7530
  -0.150   0.3609   0.00446  -0.00047  -0.0856   0.5363   0.5194  30.4872 128.8549
  -0.100   0.3672   0.00447  -0.00047  -0.0857   0.5353   0.5207  30.5533 128.9324
  -0.050   0.3734   0.00448  -0.00047  -0.0858   0.5342   0.5216  30.6228 128.9877
   0.000   0.3796   0.00448  -0.00047  -0.0858   0.5330   0.5234  30.6965 129.0993
   0.000   0.3796   0.00448  -0.00047  -0.0858   0.5330   0.5234  30.6966 129.0975
   0.050   0.3858   0.00448  -0.00047  -0.0859   0.5317   0.5255  30.7760 129.2253
   0.100   0.3920   0.00449  -0.00047  -0.0860   0.5304   0.5272  30.8597 129.3330
   0.150   0.3982   0.00449  -0.00047  -0.0860   0.5290   0.5287  30.9445 129.4254
   0.200   0.4045   0.00449  -0.00047  -0.0861   0.5280   0.5301  31.0073 129.5073
   0.250   0.4108   0.00449  -0.00048  -0.0862   0.5276   0.5313  31.0338 129.5813
   0.300   0.4171   0.00449  -0.00048  -0.0863   0.5271   0.5324  31.0649 129.6487
   0.350   0.4234   0.00449  -0.00048  -0.0864   0.5266   0.5334  31.1001 129.7095
   0.400   0.4297   0.00449  -0.00049  -0.0864   0.5259   0.5343  31.1401 129.7626
   0.450   0.4359   0.00450  -0.00049  -0.0865   0.5252   0.5351  31.1836 129.8143
   0.500   0.4422   0.00450  -0.00050  -0.0866   0.5245   0.5359  31.2302 129.8613
   0.550   0.4485   0.00451  -0.00050  -0.0867   0.5237   0.5366  31.2801 129.9046
   0.600   0.4547   0.00451  -0.00051  -0.0867   0.5229   0.5372  31.3326 129.9434
   0.650   0.4610   0.00452  -0.00051  -0.0868   0.5220   0.5378  31.3885 129.9775
   0.750   0.4734   0.00453  -0.00052  -0.0870   0.5200   0.5401  31.5141 130.1192
   0.800   0.4796   0.00454  -0.00053  -0.0870   0.5188   0.5417  31.5904 130.2155
   0.850   0.4858   0.00454  -0.00053  -0.0871   0.5174   0.5432  31.6793 130.3035
   0.900   0.4920   0.00455  -0.00054  -0.0871   0.5157   0.5445  31.7833 130.3834
   0.950   0.4981   0.00456  -0.00054  -0.0872   0.5137   0.5456  31.9077 130.4543
   1.000   0.5043   0.00457  -0.00055  -0.0873   0.5121   0.5467  32.0094 130.5216
   1.050   0.5106   0.00457  -0.00056  -0.0874   0.5114   0.5478  32.0552 130.5835
   1.100   0.5169   0.00458  -0.00056  -0.0874   0.5105   0.5488  32.1103 130.6448
   1.150   0.5232   0.00458  -0.00057  -0.0875   0.5094   0.5497  32.1802 130.7008
   1.200   0.5294   0.00459  -0.00058  -0.0876   0.5081   0.5505  32.2633 130.7527
   1.250   0.5356   0.00460  -0.00059  -0.0876   0.5066   0.5513  32.3571 130.8005
   1.300   0.5418   0.00461  -0.00060  -0.0877   0.5050   0.5520  32.4599 130.8429
   1.350   0.5479   0.00462  -0.00061  -0.0877   0.5033   0.5527  32.5634 130.8820
   1.400   0.5540   0.00464  -0.00061  -0.0878   0.5016   0.5532  32.6714 130.9168
   1.450   0.5602   0.00465  -0.00062  -0.0878   0.4998   0.5538  32.7892 130.9482
   1.500   0.5663   0.00467  -0.00063  -0.0879   0.4980   0.5542  32.9044 130.9755
   1.550   0.5725   0.00468  -0.00064  -0.0879   0.4964   0.5546  33.0018 130.9994
   1.650   0.5851   0.00468  -0.00066  -0.0881   0.4953   0.5571  33.0707 131.1514
   1.700   0.5914   0.00468  -0.00068  -0.0882   0.4946   0.5584  33.1178 131.2265
   1.750   0.5976   0.00469  -0.00069  -0.0882   0.4936   0.5595  33.1782 131.2975
   1.800   0.6038   0.00469  -0.00070  -0.0883   0.4924   0.5606  33.2557 131.3636
   1.850   0.6100   0.00470  -0.00072  -0.0884   0.4909   0.5617  33.3538 131.4261
   1.900   0.6162   0.00471  -0.00073  -0.0884   0.4889   0.5627  33.4757 131.4859
   1.950   0.6222   0.00473  -0.00074  -0.0885   0.4867   0.5636  33.6202 131.5436
   2.000   0.6283   0.00475  -0.00075  -0.0885   0.4840   0.5645  33.7909 131.5995
   2.050   0.6343   0.00478  -0.00076  -0.0885   0.4810   0.5654  33.9786 131.6537
   2.100   0.6406   0.00478  -0.00078  -0.0886   0.4797   0.5663  34.0580 131.7061
   2.150   0.6468   0.00479  -0.00079  -0.0887   0.4785   0.5671  34.1398 131.7554
   2.200   0.6530   0.00480  -0.00081  -0.0887   0.4771   0.5679  34.2263 131.8027
   2.250   0.6592   0.00481  -0.00082  -0.0888   0.4758   0.5686  34.3114 131.8469
   2.300   0.6654   0.00482  -0.00084  -0.0888   0.4744   0.5693  34.3997 131.8884
   2.350   0.6715   0.00484  -0.00086  -0.0889   0.4726   0.5699  34.5101 131.9255
   2.400   0.6776   0.00486  -0.00087  -0.0889   0.4703   0.5705  34.6566 131.9588
   2.450   0.6836   0.00489  -0.00088  -0.0889   0.4674   0.5710  34.8444 131.9882
   2.550   0.6959   0.00491  -0.00092  -0.0890   0.4631   0.5734  35.1185 132.1333
   2.600   0.7020   0.00492  -0.00094  -0.0891   0.4611   0.5748  35.2464 132.2187
   2.650   0.7081   0.00494  -0.00096  -0.0891   0.4585   0.5761  35.4130 132.2995
   2.700   0.7141   0.00496  -0.00097  -0.0891   0.4551   0.5774  35.6299 132.3749
   2.750   0.7199   0.00500  -0.00099  -0.0891   0.4509   0.5785  35.8982 132.4462
   2.800   0.7260   0.00502  -0.00101  -0.0892   0.4482   0.5797  36.0699 132.5152
   2.850   0.7322   0.00503  -0.00103  -0.0892   0.4457   0.5808  36.2317 132.5820
   2.900   0.7381   0.00505  -0.00105  -0.0892   0.4418   0.5819  36.4823 132.6462
   2.950   0.7439   0.00510  -0.00106  -0.0892   0.4369   0.5829  36.7992 132.7072
   3.000   0.7498   0.00513  -0.00108  -0.0892   0.4327   0.5838  37.0690 132.7652
   3.050   0.7558   0.00516  -0.00110  -0.0892   0.4283   0.5847  37.3557 132.8194
   3.100   0.7612   0.00522  -0.00110  -0.0891   0.4204   0.5856  37.8722 132.8687
   3.150   0.7669   0.00527  -0.00111  -0.0891   0.4129   0.5863  38.3611 132.9135
   3.200   0.7721   0.00536  -0.00111  -0.0890   0.4025   0.5870  39.0455 132.9531
   3.250   0.7775   0.00543  -0.00112  -0.0889   0.3932   0.5875  39.6631 132.9878
   3.350   0.7876   0.00562  -0.00110  -0.0887   0.3710   0.5901  41.1190 133.1437
   3.400   0.7926   0.00571  -0.00109  -0.0885   0.3599   0.5916  41.8381 133.2307
   3.450   0.7979   0.00579  -0.00109  -0.0884   0.3500   0.5929  42.4821 133.3121
   3.500   0.8028   0.00589  -0.00107  -0.0883   0.3390   0.5942  43.1905 133.3878
   3.550   0.8078   0.00599  -0.00106  -0.0881   0.3278   0.5954  43.9120 133.4589
   3.600   0.8130   0.00607  -0.00106  -0.0880   0.3178   0.5965  44.5506 133.5276
   3.650   0.8180   0.00617  -0.00105  -0.0879   0.3069   0.5976  45.2537 133.5931
   3.700   0.8229   0.00627  -0.00104  -0.0877   0.2962   0.5987  45.9442 133.6564
   3.750   0.8283   0.00634  -0.00104  -0.0876   0.2874   0.5997  46.5144 133.7174
   3.800   0.8332   0.00644  -0.00103  -0.0875   0.2771   0.6006  47.1793 133.7745
   3.850   0.8382   0.00654  -0.00103  -0.0874   0.2670   0.6015  47.8284 133.8281
   3.900   0.8435   0.00662  -0.00103  -0.0873   0.2583   0.6023  48.3938 133.8778
   3.950   0.8484   0.00672  -0.00102  -0.0871   0.2479   0.6031  49.0727 133.9226
   4.000   0.8535   0.00680  -0.00102  -0.0870   0.2391   0.6038  49.6398 133.9630
   4.050   0.8586   0.00689  -0.00102  -0.0868   0.2302   0.6043  50.2217 133.9982
   4.100   0.8636   0.00699  -0.00102  -0.0867   0.2211   0.6058  50.8147 134.0844
   4.200   0.8737   0.00716  -0.00102  -0.0864   0.2028   0.6088  52.0138 134.2651
   4.250   0.8786   0.00726  -0.00102  -0.0863   0.1934   0.6102  52.6347 134.3473
   4.350   0.8880   0.00748  -0.00100  -0.0859   0.1715   0.6127  54.0983 134.4979
   4.400   0.8925   0.00760  -0.00099  -0.0857   0.1602   0.6139  54.8634 134.5688
   4.450   0.8975   0.00769  -0.00099  -0.0855   0.1510   0.6150  55.4900 134.6378
   4.500   0.9022   0.00780  -0.00098  -0.0853   0.1413   0.6161  56.1554 134.7032
   4.550   0.9070   0.00790  -0.00098  -0.0851   0.1329   0.6172  56.7470 134.7654
   4.600   0.9122   0.00798  -0.00100  -0.0850   0.1263   0.6181  57.2110 134.8238
   4.650   0.9171   0.00807  -0.00100  -0.0848   0.1195   0.6190  57.6959 134.8775
   4.700   0.9223   0.00814  -0.00102  -0.0847   0.1135   0.6198  58.1313 134.9260
   4.750   0.9274   0.00822  -0.00103  -0.0846   0.1081   0.6206  58.5293 134.9694
   4.900   0.9424   0.00846  -0.00108  -0.0841   0.0909   0.6246  59.8383 135.2092
   4.950   0.9479   0.00851  -0.00111  -0.0840   0.0869   0.6261  60.1580 135.3001
   5.000   0.9530   0.00858  -0.00113  -0.0839   0.0828   0.6275  60.5007 135.3850
   5.050   0.9579   0.00867  -0.00114  -0.0837   0.0771   0.6289  60.9650 135.4650
   5.100   0.9634   0.00871  -0.00118  -0.0836   0.0747   0.6302  61.1797 135.5430
   5.150   0.9687   0.00878  -0.00121  -0.0835   0.0714   0.6314  61.4759 135.6176
   5.200   0.9736   0.00886  -0.00123  -0.0833   0.0667   0.6326  61.9018 135.6884
   5.250   0.9790   0.00891  -0.00126  -0.0832   0.0642   0.6337  62.1421 135.7561
   5.300   0.9843   0.00897  -0.00130  -0.0831   0.0614   0.6348  62.4241 135.8190
   5.350   0.9892   0.00906  -0.00132  -0.0829   0.0574   0.6358  62.8192 135.8763
   5.400   0.9945   0.00911  -0.00136  -0.0828   0.0547   0.6366  63.1065 135.9283
   5.450   0.9998   0.00917  -0.00140  -0.0827   0.0524   0.6374  63.3705 135.9745
   5.550   1.0100   0.00931  -0.00146  -0.0824   0.0464   0.6401  64.0653 136.1369
   5.600   1.0153   0.00936  -0.00151  -0.0822   0.0447   0.6418  64.2977 136.2360
   5.650   1.0204   0.00943  -0.00155  -0.0821   0.0424   0.6434  64.5984 136.3285
   5.700   1.0254   0.00950  -0.00158  -0.0819   0.0396   0.6448  64.9714 136.4154
   5.750   1.0309   0.00954  -0.00163  -0.0818   0.0384   0.6462  65.1584 136.4991
   5.800   1.0362   0.00959  -0.00168  -0.0817   0.0371   0.6476  65.3662 136.5793
   5.850   1.0413   0.00965  -0.00173  -0.0816   0.0356   0.6489  65.5995 136.6560
   5.900   1.0464   0.00972  -0.00177  -0.0814   0.0337   0.6501  65.8834 136.7286
   5.950   1.0518   0.00977  -0.00183  -0.0813   0.0326   0.6512  66.0634 136.7969
   6.000   1.0572   0.00981  -0.00189  -0.0812   0.0319   0.6523  66.1904 136.8596
   6.050   1.0625   0.00986  -0.00195  -0.0810   0.0312   0.6532  66.3310 136.9162
   6.100   1.0678   0.00992  -0.00200  -0.0809   0.0304   0.6541  66.4808 136.9664
   6.200   1.0782   0.01003  -0.00212  -0.0806   0.0284   0.6568  66.8342 137.1274
   6.250   1.0835   0.01007  -0.00218  -0.0805   0.0275   0.6585  67.0042 137.2309
   6.300   1.0889   0.01011  -0.00225  -0.0804   0.0272   0.6602  67.0659 137.3292
   6.350   1.0943   0.01015  -0.00232  -0.0803   0.0269   0.6618  67.1422 137.4227
   6.400   1.0997   0.01020  -0.00239  -0.0801   0.0264   0.6633  67.2303 137.5128
   6.450   1.1050   0.01025  -0.00247  -0.0800   0.0260   0.6648  67.3269 137.5997
   6.500   1.1102   0.01030  -0.00254  -0.0798   0.0255   0.6662  67.4320 137.6829
   6.550   1.1154   0.01035  -0.00261  -0.0797   0.0250   0.6675  67.5477 137.7592
   6.600   1.1205   0.01041  -0.00268  -0.0795   0.0244   0.6687  67.6776 137.8338
   6.650   1.1256   0.01046  -0.00275  -0.0793   0.0236   0.6698  67.8307 137.8994
   6.700   1.1307   0.01052  -0.00282  -0.0792   0.0230   0.6708  67.9785 137.9576
   6.800   1.1413   0.01060  -0.00299  -0.0789   0.0225   0.6737  68.0834 138.1319
   6.850   1.1466   0.01065  -0.00308  -0.0788   0.0223   0.6756  68.1493 138.2443
   6.900   1.1518   0.01069  -0.00316  -0.0786   0.0219   0.6774  68.2281 138.3498
   6.950   1.1570   0.01074  -0.00325  -0.0784   0.0216   0.6791  68.3157 138.4458
   7.000   1.1621   0.01079  -0.00333  -0.0783   0.0212   0.6806  68.4083 138.5390
   7.050   1.1671   0.01085  -0.00342  -0.0781   0.0208   0.6822  68.5068 138.6309
   7.100   1.1721   0.01090  -0.00351  -0.0779   0.0204   0.6836  68.6137 138.7152
   7.150   1.1770   0.01096  -0.00359  -0.0777   0.0199   0.6849  68.7345 138.7932
   7.200   1.1818   0.01102  -0.00368  -0.0775   0.0194   0.6861  68.8704 138.8642
   7.250   1.1867   0.01108  -0.00377  -0.0772   0.0188   0.6872  69.0006 138.9275
   7.300   1.1919   0.01113  -0.00387  -0.0771   0.0187   0.6881  69.0362 138.9827
   7.350   1.1969   0.01118  -0.00397  -0.0769   0.0186   0.6896  69.0850 139.0711
   7.400   1.2020   0.01122  -0.00407  -0.0767   0.0183   0.6915  69.1479 139.1840
   7.450   1.2070   0.01127  -0.00417  -0.0765   0.0181   0.6933  69.2246 139.2908
   7.500   1.2119   0.01133  -0.00428  -0.0763   0.0178   0.6950  69.3141 139.3897
   7.550   1.2167   0.01138  -0.00438  -0.0760   0.0174   0.6966  69.4117 139.4854
   7.600   1.2214   0.01144  -0.00448  -0.0758   0.0171   0.6982  69.5173 139.5758
   7.650   1.2260   0.01151  -0.00458  -0.0755   0.0167   0.6996  69.6310 139.6617
   7.700   1.2306   0.01157  -0.00467  -0.0753   0.0162   0.7010  69.7590 139.7427
   7.750   1.2351   0.01164  -0.00478  -0.0750   0.0157   0.7022  69.9036 139.8178
   7.800   1.2397   0.01170  -0.00488  -0.0747   0.0154   0.7034  70.0124 139.8863
   7.850   1.2444   0.01176  -0.00500  -0.0745   0.0152   0.7044  70.0578 139.9455
   7.900   1.2491   0.01181  -0.00511  -0.0742   0.0150   0.7053  70.1173 139.9990
   7.950   1.2537   0.01187  -0.00523  -0.0739   0.0148   0.7072  70.1883 140.1110
   8.000   1.2583   0.01193  -0.00534  -0.0736   0.0146   0.7091  70.2672 140.2226
   8.050   1.2627   0.01199  -0.00545  -0.0734   0.0143   0.7109  70.3519 140.3279
   8.100   1.2671   0.01205  -0.00556  -0.0730   0.0141   0.7125  70.4406 140.4263
   8.150   1.2713   0.01212  -0.00568  -0.0727   0.0138   0.7142  70.5305 140.5239
   8.200   1.2752   0.01219  -0.00579  -0.0723   0.0135   0.7157  70.6226 140.6163
   8.250   1.2786   0.01225  -0.00589  -0.0718   0.0133   0.7172  70.7193 140.7043
   8.300   1.2816   0.01231  -0.00600  -0.0712   0.0130   0.7186  70.8223 140.7869
   8.350   1.2846   0.01238  -0.00611  -0.0706   0.0126   0.7199  70.9263 140.8629
   8.400   1.2877   0.01245  -0.00622  -0.0701   0.0124   0.7210  71.0055 140.9312
   8.450   1.2911   0.01251  -0.00634  -0.0696   0.0123   0.7220  71.0311 140.9906
   8.500   1.2944   0.01257  -0.00645  -0.0691   0.0123   0.7238  71.0608 141.0960
   8.550   1.2978   0.01263  -0.00657  -0.0686   0.0122   0.7258  71.0942 141.2144
   8.600   1.3011   0.01269  -0.00669  -0.0681   0.0121   0.7277  71.1308 141.3286
   8.650   1.3044   0.01276  -0.00681  -0.0675   0.0120   0.7294  71.1704 141.4320
   8.700   1.3077   0.01283  -0.00693  -0.0670   0.0119   0.7312  71.2119 141.5359
   8.750   1.3108   0.01290  -0.00704  -0.0665   0.0118   0.7328  71.2546 141.6344
   8.800   1.3140   0.01298  -0.00716  -0.0660   0.0117   0.7344  71.2982 141.7274
   8.850   1.3172   0.01306  -0.00728  -0.0655   0.0115   0.7358  71.3426 141.8111
   8.900   1.3203   0.01314  -0.00740  -0.0650   0.0114   0.7371  71.3876 141.8898
   8.950   1.3234   0.01322  -0.00752  -0.0644   0.0113   0.7383  71.4325 141.9617
   9.050   1.3295   0.01339  -0.00775  -0.0634   0.0111   0.7418  71.5235 142.1715
   9.100   1.3326   0.01348  -0.00787  -0.0629   0.0110   0.7438  71.5706 142.2927
   9.150   1.3357   0.01357  -0.00798  -0.0624   0.0108   0.7458  71.6183 142.4074
   9.200   1.3386   0.01366  -0.00810  -0.0619   0.0107   0.7476  71.6707 142.5187
   9.250   1.3415   0.01376  -0.00821  -0.0613   0.0106   0.7494  71.7233 142.6256
   9.300   1.3443   0.01386  -0.00832  -0.0608   0.0104   0.7511  71.7766 142.7265
   9.350   1.3472   0.01396  -0.00844  -0.0603   0.0103   0.7527  71.8303 142.8201
   9.400   1.3500   0.01407  -0.00855  -0.0598   0.0102   0.7541  71.8832 142.9047
   9.450   1.3527   0.01418  -0.00866  -0.0592   0.0100   0.7553  71.9338 142.9797
   9.500   1.3553   0.01429  -0.00876  -0.0587   0.0099   0.7572  71.9820 143.0929
   9.550   1.3583   0.01440  -0.00888  -0.0582   0.0099   0.7594  72.0057 143.2267
   9.600   1.3616   0.01449  -0.00901  -0.0577   0.0098   0.7616  72.0161 143.3560
   9.650   1.3648   0.01459  -0.00914  -0.0573   0.0098   0.7636  72.0274 143.4808
   9.700   1.3680   0.01469  -0.00927  -0.0569   0.0098   0.7657  72.0396 143.6022
   9.750   1.3710   0.01480  -0.00940  -0.0564   0.0097   0.7676  72.0526 143.7184
   9.800   1.3741   0.01490  -0.00953  -0.0559   0.0097   0.7694  72.0665 143.8243
   9.850   1.3772   0.01501  -0.00966  -0.0555   0.0097   0.7710  72.0814 143.9221
   9.950   1.3835   0.01524  -0.00992  -0.0546   0.0096   0.7751  72.1135 144.1692
  10.000   1.3864   0.01535  -0.01005  -0.0542   0.0096   0.7776  72.1303 144.3198
  10.050   1.3894   0.01547  -0.01018  -0.0537   0.0095   0.7800  72.1477 144.4648
  10.100   1.3924   0.01559  -0.01031  -0.0533   0.0095   0.7822  72.1656 144.6026
  10.150   1.3955   0.01571  -0.01044  -0.0528   0.0094   0.7844  72.1840 144.7328
  10.200   1.3984   0.01584  -0.01057  -0.0524   0.0094   0.7864  72.2024 144.8545
  10.250   1.4013   0.01597  -0.01069  -0.0519   0.0094   0.7882  72.2209 144.9608
  10.300   1.4041   0.01611  -0.01082  -0.0515   0.0093   0.7904  72.2395 145.0966
  10.350   1.4070   0.01624  -0.01095  -0.0511   0.0093   0.7931  72.2584 145.2624
  10.400   1.4100   0.01637  -0.01108  -0.0506   0.0092   0.7957  72.2775 145.4219
  10.450   1.4129   0.01651  -0.01121  -0.0502   0.0092   0.7983  72.2966 145.5753
  10.500   1.4157   0.01665  -0.01133  -0.0498   0.0091   0.8006  72.3155 145.7201
  10.550   1.4184   0.01680  -0.01145  -0.0493   0.0091   0.8028  72.3344 145.8520
  10.600   1.4212   0.01695  -0.01158  -0.0489   0.0091   0.8047  72.3542 145.9678
  10.650   1.4241   0.01709  -0.01171  -0.0485   0.0090   0.8072  72.3750 146.1177
  10.700   1.4269   0.01724  -0.01184  -0.0481   0.0090   0.8100  72.3964 146.2910
  10.750   1.4297   0.01739  -0.01196  -0.0476   0.0089   0.8127  72.4180 146.4607
  10.800   1.4323   0.01755  -0.01208  -0.0472   0.0089   0.8154  72.4397 146.6226
  10.850   1.4350   0.01771  -0.01220  -0.0468   0.0088   0.8178  72.4619 146.7733
  10.900   1.4377   0.01788  -0.01233  -0.0464   0.0088   0.8200  72.4845 146.9063
  11.000   1.4432   0.01820  -0.01258  -0.0455   0.0087   0.8251  72.5294 147.2210
  11.050   1.4457   0.01838  -0.01270  -0.0451   0.0086   0.8280  72.5513 147.4015
  11.100   1.4482   0.01855  -0.01281  -0.0447   0.0086   0.8308  72.5728 147.5783
  11.150   1.4508   0.01873  -0.01293  -0.0443   0.0085   0.8335  72.5941 147.7455
  11.200   1.4535   0.01891  -0.01306  -0.0439   0.0085   0.8360  72.6149 147.8971
  11.300   1.4584   0.01928  -0.01329  -0.0431   0.0084   0.8418  72.6540 148.2606
  11.350   1.4607   0.01948  -0.01339  -0.0426   0.0084   0.8452  72.6734 148.4739
  11.400   1.4631   0.01968  -0.01350  -0.0422   0.0083   0.8486  72.6931 148.6838
  11.450   1.4655   0.01987  -0.01361  -0.0418   0.0083   0.8517  72.7134 148.8808
  11.500   1.4679   0.02007  -0.01372  -0.0414   0.0082   0.8550  72.7340 149.0850
  11.550   1.4701   0.02028  -0.01382  -0.0410   0.0082   0.8593  72.7543 149.3571
  11.600   1.4722   0.02049  -0.01390  -0.0405   0.0081   0.8637  72.7745 149.6354
  11.650   1.4742   0.02072  -0.01399  -0.0401   0.0081   0.8680  72.7950 149.9065
  11.700   1.4763   0.02093  -0.01408  -0.0397   0.0080   0.8730  72.8157 150.2237
  11.750   1.4784   0.02115  -0.01417  -0.0393   0.0080   0.8791  72.8366 150.6106
  11.850   1.4818   0.02161  -0.01431  -0.0384   0.0079   0.8940  72.8769 151.5633
  11.900   1.4832   0.02184  -0.01436  -0.0379   0.0079   0.9037  72.8964 152.1969
  11.950   1.4845   0.02207  -0.01442  -0.0373   0.0078   0.9158  72.9156 152.9979
  12.000   1.4853   0.02229  -0.01446  -0.0367   0.0078   0.9308  72.9337 154.0401
  12.050   1.4870   0.02246  -0.01452  -0.0362   0.0077   0.9719  72.9541 157.1849
  12.100   1.4870   0.02270  -0.01453  -0.0356   0.0077   1.0000  72.9701 160.0000
  12.150   1.4883   0.02301  -0.01455  -0.0351   0.0077   1.0000  72.9897 160.0000
  12.200   1.4902   0.02328  -0.01462  -0.0348   0.0076   1.0000  73.0018 160.0000
  12.250   1.4928   0.02351  -0.01474  -0.0345   0.0076   1.0000  73.0059 160.0000
  12.300   1.4953   0.02375  -0.01485  -0.0341   0.0076   1.0000  73.0102 160.0000
  12.350   1.4976   0.02400  -0.01495  -0.0338   0.0076   1.0000  73.0146 160.0000
  12.400   1.4998   0.02426  -0.01505  -0.0335   0.0076   1.0000  73.0192 160.0000
  12.450   1.5021   0.02452  -0.01515  -0.0332   0.0076   1.0000  73.0241 160.0000
  12.500   1.5044   0.02477  -0.01525  -0.0329   0.0076   1.0000  73.0292 160.0000
  12.550   1.5068   0.02502  -0.01536  -0.0326   0.0076   1.0000  73.0346 160.0000
  12.600   1.5092   0.02528  -0.01547  -0.0323   0.0076   1.0000  73.0403 160.0000
  12.650   1.5113   0.02556  -0.01556  -0.0319   0.0075   1.0000  73.0459 160.0000
  12.700   1.5134   0.02584  -0.01564  -0.0316   0.0075   1.0000  73.0518 160.0000
  12.750   1.5155   0.02612  -0.01573  -0.0313   0.0075   1.0000  73.0579 160.0000
  12.800   1.5176   0.02639  -0.01582  -0.0310   0.0075   1.0000  73.0643 160.0000
  12.850   1.5199   0.02667  -0.01592  -0.0307   0.0075   1.0000  73.0709 160.0000
  12.900   1.5220   0.02695  -0.01601  -0.0304   0.0075   1.0000  73.0777 160.0000
  12.950   1.5240   0.02725  -0.01608  -0.0301   0.0075   1.0000  73.0845 160.0000
  13.000   1.5258   0.02756  -0.01615  -0.0298   0.0075   1.0000  73.0914 160.0000
  13.050   1.5277   0.02786  -0.01622  -0.0295   0.0074   1.0000  73.0986 160.0000
  13.100   1.5297   0.02816  -0.01630  -0.0293   0.0074   1.0000  73.1059 160.0000
  13.150   1.5318   0.02846  -0.01638  -0.0290   0.0074   1.0000  73.1135 160.0000
  13.200   1.5338   0.02877  -0.01646  -0.0287   0.0074   1.0000  73.1212 160.0000
  13.250   1.5355   0.02910  -0.01651  -0.0284   0.0074   1.0000  73.1288 160.0000
  13.300   1.5372   0.02943  -0.01655  -0.0281   0.0074   1.0000  73.1365 160.0000
  13.350   1.5389   0.02977  -0.01660  -0.0279   0.0074   1.0000  73.1443 160.0000
  13.400   1.5407   0.03009  -0.01666  -0.0276   0.0073   1.0000  73.1522 160.0000
  13.450   1.5426   0.03042  -0.01673  -0.0273   0.0073   1.0000  73.1603 160.0000
  13.500   1.5444   0.03075  -0.01679  -0.0271   0.0073   1.0000  73.1684 160.0000
  13.550   1.5459   0.03111  -0.01681  -0.0268   0.0073   1.0000  73.1763 160.0000
  13.600   1.5474   0.03147  -0.01683  -0.0265   0.0073   1.0000  73.1842 160.0000
  13.650   1.5489   0.03183  -0.01686  -0.0263   0.0073   1.0000  73.1923 160.0000
  13.700   1.5506   0.03219  -0.01690  -0.0260   0.0072   1.0000  73.2005 160.0000
  13.750   1.5523   0.03254  -0.01695  -0.0258   0.0072   1.0000  73.2089 160.0000
  13.800   1.5539   0.03290  -0.01698  -0.0256   0.0072   1.0000  73.2172 160.0000
  13.850   1.5552   0.03329  -0.01697  -0.0253   0.0072   1.0000  73.2251 160.0000
  13.900   1.5565   0.03369  -0.01697  -0.0251   0.0072   1.0000  73.2332 160.0000
  13.950   1.5579   0.03408  -0.01698  -0.0249   0.0072   1.0000  73.2413 160.0000
  14.000   1.5594   0.03446  -0.01699  -0.0246   0.0071   1.0000  73.2496 160.0000
  14.050   1.5610   0.03484  -0.01702  -0.0244   0.0071   1.0000  73.2580 160.0000
  14.100   1.5624   0.03524  -0.01702  -0.0242   0.0071   1.0000  73.2661 160.0000
  14.150   1.5635   0.03567  -0.01699  -0.0240   0.0071   1.0000  73.2740 160.0000
  14.200   1.5646   0.03610  -0.01695  -0.0238   0.0071   1.0000  73.2819 160.0000
  14.250   1.5659   0.03652  -0.01693  -0.0236   0.0071   1.0000  73.2899 160.0000
  14.300   1.5672   0.03693  -0.01692  -0.0234   0.0071   1.0000  73.2980 160.0000
  14.350   1.5686   0.03734  -0.01692  -0.0232   0.0070   1.0000  73.3061 160.0000
  14.400   1.5698   0.03778  -0.01689  -0.0230   0.0070   1.0000  73.3140 160.0000
  14.450   1.5707   0.03824  -0.01682  -0.0228   0.0070   1.0000  73.3216 160.0000
  14.500   1.5716   0.03870  -0.01675  -0.0226   0.0070   1.0000  73.3292 160.0000
  14.550   1.5727   0.03915  -0.01670  -0.0225   0.0070   1.0000  73.3370 160.0000
  14.600   1.5739   0.03960  -0.01666  -0.0223   0.0070   1.0000  73.3448 160.0000
  14.650   1.5751   0.04004  -0.01663  -0.0221   0.0069   1.0000  73.3527 160.0000
  14.700   1.5760   0.04052  -0.01655  -0.0220   0.0069   1.0000  73.3602 160.0000
  14.750   1.5767   0.04102  -0.01644  -0.0218   0.0069   1.0000  73.3675 160.0000
  14.800   1.5775   0.04152  -0.01634  -0.0217   0.0069   1.0000  73.3748 160.0000
  14.850   1.5784   0.04201  -0.01626  -0.0216   0.0069   1.0000  73.3822 160.0000
  14.900   1.5794   0.04249  -0.01619  -0.0214   0.0069   1.0000  73.3897 160.0000
  14.950   1.5805   0.04297  -0.01612  -0.0213   0.0069   1.0000  73.3973 160.0000
  15.000   1.5811   0.04349  -0.01599  -0.0212   0.0068   1.0000  73.4044 160.0000
  15.050   1.5816   0.04404  -0.01584  -0.0211   0.0068   1.0000  73.4112 160.0000
  15.100   1.5822   0.04457  -0.01570  -0.0209   0.0068   1.0000  73.4182 160.0000
  15.150   1.5830   0.04509  -0.01558  -0.0208   0.0068   1.0000  73.4253 160.0000
  15.200   1.5838   0.04561  -0.01547  -0.0207   0.0068   1.0000  73.4324 160.0000
  15.250   1.5845   0.04613  -0.01535  -0.0206   0.0068   1.0000  73.4395 160.0000
  15.300   1.5849   0.04671  -0.01516  -0.0206   0.0068   1.0000  73.4461 160.0000
  15.350   1.5852   0.04729  -0.01496  -0.0205   0.0068   1.0000  73.4527 160.0000
  15.400   1.5856   0.04787  -0.01478  -0.0204   0.0067   1.0000  73.4593 160.0000
  15.450   1.5862   0.04843  -0.01462  -0.0204   0.0067   1.0000  73.4661 160.0000
  15.500   1.5869   0.04898  -0.01447  -0.0203   0.0067   1.0000  73.4729 160.0000
  15.550   1.5873   0.04956  -0.01429  -0.0202   0.0067   1.0000  73.4795 160.0000
  15.600   1.5874   0.05019  -0.01403  -0.0202   0.0067   1.0000  73.4857 160.0000
  15.650   1.5875   0.05082  -0.01379  -0.0202   0.0067   1.0000  73.4919 160.0000
  15.700   1.5878   0.05143  -0.01357  -0.0202   0.0067   1.0000  73.4983 160.0000
  15.750   1.5882   0.05203  -0.01336  -0.0201   0.0066   1.0000  73.5048 160.0000
  15.800   1.5887   0.05263  -0.01316  -0.0201   0.0066   1.0000  73.5112 160.0000
  15.850   1.5886   0.05328  -0.01288  -0.0201   0.0066   1.0000  73.5172 160.0000
  15.900   1.5884   0.05396  -0.01256  -0.0201   0.0066   1.0000  73.5230 160.0000
  15.950   1.5884   0.05463  -0.01227  -0.0201   0.0066   1.0000  73.5289 160.0000
  16.000   1.5885   0.05527  -0.01200  -0.0202   0.0066   1.0000  73.5350 160.0000
  16.050   1.5887   0.05592  -0.01175  -0.0202   0.0066   1.0000  73.5412 160.0000
  16.100   1.5888   0.05658  -0.01146  -0.0202   0.0066   1.0000  73.5471 160.0000
  16.150   1.5884   0.05731  -0.01108  -0.0203   0.0066   1.0000  73.5526 160.0000
  16.200   1.5880   0.05804  -0.01070  -0.0203   0.0065   1.0000  73.5582 160.0000
  16.250   1.5879   0.05874  -0.01037  -0.0204   0.0065   1.0000  73.5639 160.0000
  16.300   1.5878   0.05943  -0.01005  -0.0204   0.0065   1.0000  73.5697 160.0000
  16.350   1.5878   0.06013  -0.00973  -0.0205   0.0065   1.0000  73.5756 160.0000
  16.400   1.5873   0.06089  -0.00931  -0.0206   0.0065   1.0000  73.5809 160.0000
  16.450   1.5866   0.06168  -0.00885  -0.0207   0.0065   1.0000  73.5861 160.0000
  16.500   1.5862   0.06245  -0.00843  -0.0208   0.0065   1.0000  73.5914 160.0000
  16.550   1.5859   0.06319  -0.00804  -0.0209   0.0065   1.0000  73.5969 160.0000
  16.600   1.5857   0.06393  -0.00766  -0.0211   0.0065   1.0000  73.6025 160.0000
  16.650   1.5851   0.06471  -0.00720  -0.0212   0.0065   1.0000  73.6077 160.0000
  16.700   1.5840   0.06556  -0.00665  -0.0214   0.0064   1.0000  73.6125 160.0000
  16.750   1.5833   0.06639  -0.00614  -0.0215   0.0064   1.0000  73.6175 160.0000
  16.800   1.5827   0.06719  -0.00567  -0.0217   0.0064   1.0000  73.6227 160.0000
  16.850   1.5823   0.06798  -0.00522  -0.0219   0.0064   1.0000  73.6280 160.0000
  16.900   1.5816   0.06881  -0.00471  -0.0220   0.0064   1.0000  73.6330 160.0000
  16.950   1.5803   0.06972  -0.00407  -0.0223   0.0064   1.0000  73.6375 160.0000
  17.000   1.5792   0.07061  -0.00348  -0.0225   0.0064   1.0000  73.6422 160.0000
  17.050   1.5784   0.07147  -0.00292  -0.0227   0.0064   1.0000  73.6471 160.0000
  17.100   1.5777   0.07232  -0.00239  -0.0229   0.0064   1.0000  73.6521 160.0000
  17.150   1.5768   0.07320  -0.00180  -0.0231   0.0064   1.0000  73.6569 160.0000
  17.200   1.5753   0.07418  -0.00108  -0.0234   0.0064   1.0000  73.6611 160.0000
  17.250   1.5740   0.07513  -0.00039  -0.0237   0.0063   1.0000  73.6655 160.0000
  17.300   1.5729   0.07604   0.00025  -0.0240   0.0063   1.0000  73.6702 160.0000
  17.350   1.5720   0.07694   0.00087  -0.0243   0.0063   1.0000  73.6750 160.0000
  17.400   1.5708   0.07788   0.00154  -0.0246   0.0063   1.0000  73.6801 160.0000
  17.450   1.5691   0.07891   0.00235  -0.0249   0.0063   1.0000  73.6848 160.0000
  17.500   1.5677   0.07989   0.00310  -0.0252   0.0063   1.0000  73.6900 160.0000
  17.550   1.5666   0.08084   0.00378  -0.0256   0.0063   1.0000  73.6959 160.0000
  17.600   1.5657   0.08176   0.00444  -0.0259   0.0063   1.0000  73.7021 160.0000
  17.650   1.5643   0.08276   0.00520  -0.0262   0.0063   1.0000  73.7080 160.0000
  17.700   1.5625   0.08384   0.00609  -0.0266   0.0063   1.0000  73.7133 160.0000
  17.750   1.5610   0.08487   0.00690  -0.0270   0.0062   1.0000  73.7192 160.0000
  17.800   1.5598   0.08585   0.00765  -0.0274   0.0062   1.0000  73.7256 160.0000
  17.850   1.5588   0.08683   0.00838  -0.0278   0.0062   1.0000  73.7321 160.0000
  17.900   1.5570   0.08792   0.00930  -0.0282   0.0062   1.0000  73.7377 160.0000
  17.950   1.5549   0.08906   0.01029  -0.0287   0.0062   1.0000  73.7430 160.0000
  18.000   1.5533   0.09013   0.01118  -0.0291   0.0062   1.0000  73.7488 160.0000
  18.050   1.5519   0.09117   0.01203  -0.0295   0.0062   1.0000  73.7549 160.0000
  18.100   1.5503   0.09224   0.01292  -0.0300   0.0062   1.0000  73.7607 160.0000
  18.150   1.5479   0.09346   0.01406  -0.0305   0.0062   1.0000  73.7653 160.0000
  18.200   1.5457   0.09463   0.01512  -0.0311   0.0061   1.0000  73.7703 160.0000
  18.250   1.5440   0.09575   0.01611  -0.0316   0.0061   1.0000  73.7755 160.0000
  18.300   1.5422   0.09687   0.01711  -0.0321   0.0061   1.0000  73.7806 160.0000
  18.350   1.5395   0.09816   0.01836  -0.0327   0.0061   1.0000  73.7844 160.0000
  18.400   1.5370   0.09941   0.01958  -0.0333   0.0061   1.0000  73.7884 160.0000
  18.450   1.5349   0.10061   0.02071  -0.0339   0.0061   1.0000  73.7925 160.0000
  18.500   1.5327   0.10183   0.02189  -0.0345   0.0061   1.0000  73.7964 160.0000
  18.550   1.5296   0.10320   0.02330  -0.0352   0.0061   1.0000  73.7995 160.0000
  18.600   1.5271   0.10449   0.02460  -0.0358   0.0061   1.0000  73.8031 160.0000
  18.650   1.5248   0.10573   0.02584  -0.0364   0.0061   1.0000  73.8070 160.0000
  18.700   1.5219   0.10710   0.02727  -0.0372   0.0061   1.0000  73.8103 160.0000
  18.750   1.5189   0.10848   0.02876  -0.0379   0.0061   1.0000  73.8135 160.0000
  18.800   1.5164   0.10978   0.03012  -0.0386   0.0061   1.0000  73.8172 160.0000
  18.850   1.5136   0.11113   0.03158  -0.0393   0.0060   1.0000  73.8206 160.0000
  18.900   1.5103   0.11259   0.03322  -0.0402   0.0060   1.0000  73.8235 160.0000
  18.950   1.5075   0.11395   0.03471  -0.0409   0.0060   1.0000  73.8270 160.0000
  19.000   1.5048   0.11531   0.03622  -0.0417   0.0060   1.0000  73.8305 160.0000
  19.050   1.5013   0.11682   0.03799  -0.0426   0.0060   1.0000  73.8332 160.0000
  19.100   1.4983   0.11824   0.03963  -0.0434   0.0060   1.0000  73.8364 160.0000
  19.150   1.4955   0.11962   0.04122  -0.0442   0.0060   1.0000  73.8400 160.0000
  19.200   1.4919   0.12117   0.04311  -0.0451   0.0060   1.0000  73.8425 160.0000
  19.250   1.4887   0.12264   0.04488  -0.0460   0.0060   1.0000  73.8456 160.0000
  19.300   1.4858   0.12406   0.04658  -0.0468   0.0060   1.0000  73.8491 160.0000
  19.350   1.4821   0.12564   0.04860  -0.0478   0.0060   1.0000  73.8515 160.0000
  19.400   1.4788   0.12715   0.05049  -0.0488   0.0060   1.0000  73.8545 160.0000
  19.450   1.4757   0.12860   0.05232  -0.0497   0.0060   1.0000  73.8578 160.0000
  19.500   1.4718   0.13023   0.05448  -0.0507   0.0060   1.0000  73.8601 160.0000
  19.550   1.4684   0.13175   0.05649  -0.0517   0.0060   1.0000  73.8630 160.0000
  19.600   1.4651   0.13326   0.05848  -0.0526   0.0060   1.0000  73.8661 160.0000
  19.650   1.4610   0.13492   0.06077  -0.0537   0.0060   1.0000  73.8682 160.0000
  19.700   1.4576   0.13646   0.06288  -0.0547   0.0060   1.0000  73.8711 160.0000
  19.750   1.4540   0.13804   0.06507  -0.0558   0.0059   1.0000  73.8739 160.0000
  19.800   1.4500   0.13971   0.06747  -0.0569   0.0059   1.0000  73.8760 160.0000
  19.850   1.4466   0.14127   0.06967  -0.0579   0.0059   1.0000  73.8789 160.0000
  19.900   1.4426   0.14293   0.07211  -0.0590   0.0059   1.0000  73.8812 160.0000
  19.950   1.4387   0.14459   0.07458  -0.0602   0.0059   1.0000  73.8834 160.0000
  20.000   1.4352   0.14617   0.07690  -0.0612   0.0059   1.0000  73.8864 160.0000
